2 0.9999999999999999 0.0 3.127245641262877e-18 0.0 8.673617379884035e-19 1.0 3.2526065174565133e-19 2.710505431213761e-20 -1.8143445730187113e-18 1.0842021724855044e-19 0.9999999999999998 -6.938893903907228e-18
3 0.9999952904267074 -0.0027361117534084487 0.001390257845824991 0.0004207776345156093 0.002738155075228313 0.9999951708336202 -0.001469971504119736 -3.191738823975447e-05 -0.001386229125728945 0.001473771322757621 0.9999979531813546 0.015278999087073218
4 0.9999907306699031 -0.004303725427768044 -0.00012853682520199113 0.00016403662810608906 0.004303316413265148 0.9999861538044216 -0.0030288062478764795 -0.00017025520473854384 0.0001415701959207379 0.0030282250382419676 0.999995404894941 0.03157771783768251
5 0.9999385237129111 -0.006744256699201449 -0.008801351965406781 0.0007137515207977427 0.006706144760632151 0.9999680407857421 -0.004352588835848415 -0.0002036533084313404 0.008830425657528599 0.00429329811447827 0.9999517944251146 0.04671675032188993
6 0.9997710636643707 -0.008560375854778009 -0.01960969720922406 -0.000285011194666754 0.008435451575231998 0.9999436547166514 -0.0064444199605731235 -0.0004113051363702915 0.019663758952306962 0.006277527947468723 0.9997869419164935 0.06424502451795226
7 0.9993051789082155 -0.007879149226646408 -0.036429087480797005 -0.0015563036720856425 0.0076472465491870464 0.9999496281543825 -0.00650082872628109 -0.0007601475014763375 0.03647847348005766 0.0062177295998404325 0.9993150958587526 0.08137804237248855
8 0.9984423866600886 -0.0035517941646309387 -0.05567930745544795 -0.0034658873492392087 0.0031992118324532075 0.9999742724994514 -0.006420232304521381 -0.0011296346423820287 0.055700678309669606 0.006232102165804257 0.9984280621749557 0.0986883857060583
9 0.9971270482414184 5.7386009087993795e-05 -0.07574725323205903 -0.005885467324910168 -0.0006589839589257723 0.9999684413046189 -0.007917204996258125 -0.0011585676180021244 0.07574440841077044 0.00794437547305369 0.9970956180291062 0.1170347587436864
10 0.9953707120424133 0.00024078467564494187 -0.09610976865500664 -0.007872976915736993 -0.0009844563254897526 0.999969943925908 -0.007690389493368113 -0.0017222265035391681 0.09610502824473922 0.00774940433559109 0.9953410321485401 0.13501239985652339
11 0.9930631470133764 -0.0011662645773886935 -0.11757646818485591 -0.010650358074705248 0.0002818193041202455 0.9999715443145102 -0.007538643056520046 -0.0016056789377721235 0.11758191451821462 0.0074532132794735625 0.993035217396665 0.15450494099064074
12 0.9906346433424924 -0.002584128437857277 -0.136514928450736 -0.01430991307709121 0.0016999843562075859 0.9999768227578003 -0.0065927232918842555 -0.0019534870639228417 0.1365288008549169 0.006298906844156451 0.9906160761413508 0.17346122238323142
13 0.9880272692841425 -0.0013651233251395717 -0.15427330160863054 -0.018403464680537697 0.0003772237437187076 0.9999792390806886 -0.006432659625230423 -0.002001971421067809 0.15427888012676105 0.006297447571362117 0.9880072718866588 0.19400351800943294
14 0.9854154563950251 -3.42476808034382e-05 -0.1701657342853743 -0.02282193347344939 -0.0009700156097648023 0.9999826017026138 -0.005818536052025162 -0.0022887512158112845 0.17016297296268967 0.005898738777761184 0.9853982786230806 0.21540179145940724
15 0.9830950455827042 0.00023123841806675823 -0.1830958161169573 -0.02707106115663739 -0.0011496826371813003 0.9999872846791797 -0.004910062096858843 -0.003021747693266567 0.18309235259992263 0.0050375598016555575 0.9830828110645969 0.23533496569529352
16 0.9808068830845214 -0.0011427579351898738 -0.1949783377668594 -0.03224290030008081 -2.6622368132778185e-05 0.9999820308962271 -0.005994762372834514 -0.0032996001665724865 0.19498168474314576 0.005884894982818135 0.9807892284409354 0.2579359947648417
17 0.9788320981512959 -0.004744164417104825 -0.20460991308515622 -0.03742342049783444 0.0030992923796907485 0.9999602618112333 -0.008358778927269562 -0.0035776256028487515 0.20464143767936366 0.007547695170928092 0.9788079046892345 0.28096552302496197
18 0.9771248195339691 -0.0044044853434644 -0.2126209951052982 -0.041930463788568684 0.0024297607529923495 0.9999514653954217 -0.009547937799962483 -0.004286800458519155 0.21265272938147592 0.008812908850540872 0.977088097012854 0.30339881919347966
19 0.9754964031820391 -0.0038036412835427674 -0.21998249860361765 -0.048197142510648286 0.001338342341564558 0.9999346372002647 -0.011354742046900979 -0.004574087314101844 0.2200113092972297 0.010782098133527382 0.9754377325801773 0.32805651688273907
20 0.9735526111525568 -0.004187586707129277 -0.22842455523784855 -0.054279960971323274 0.0010534319430978165 0.9999036546123579 -0.013840945559895061 -0.005125298944914534 0.22846050774516785 0.013234258967580759 0.9734632251864467 0.35369294446514676
21 0.9716874340915911 -0.00843068201394703 -0.23611957570112554 -0.060048210667714846 0.004874715234636222 0.9998658086808608 -0.01563975007311465 -0.005637945068191833 0.23621974426343167 0.01404593292551243 0.971598139247071 0.3775844281919148
22 0.9696393568544063 -0.0149097983843126 -0.24408444348444733 -0.06649064853096182 0.011082544350313684 0.99979328545905 -0.017045925076746814 -0.006039653958878202 0.24428813898692778 0.013823323158267153 0.9696041568017153 0.40441776982267946
23 0.9672076243033245 -0.016636519934323565 -0.25344158635471387 -0.07327227312484128 0.012041688936991517 0.9997340024155275 -0.01967033659536235 -0.006763220272002703 0.2537014174518223 0.015973434781066023 0.9671506812096194 0.43225144599954934
24 0.9652342909641374 -0.012009972074329491 -0.26111017620485943 -0.08138687681480321 0.00611048184855286 0.9997076483965449 -0.02339401096495938 -0.007866495122928547 0.2613148016445632 0.02098519259439759 0.9650254898878259 0.45711498648672266
25 0.9629320827858239 -0.00971507650151084 -0.26956895450018875 -0.09005179111308423 0.0026912102297442474 0.9996474859927282 -0.026413275751363322 -0.00862073651468267 0.26973053466238184 0.02470872390448421 0.9626187810518541 0.4857293378797439
26 0.9604144247712079 -0.012016263057669615 -0.278315903450591 -0.09839674596347557 0.004320420333829496 0.9995915993001633 -0.02824833759145382 -0.009679893649647749 0.2785416784962868 0.025927669210142938 0.960074106155249 0.5143804217751337
27 0.9578027782480987 -0.014524861429389115 -0.2870589945998566 -0.107514328905291 0.0059990178891674946 0.9995149934441614 -0.030557972195214136 -0.010733822776068524 0.2873636194172618 0.027546438622353273 0.9574253725250004 0.5441770546134429
28 0.9554967702388506 -0.01409935803695294 -0.294664436547865 -0.11604633821405055 0.004654999614254615 0.999453450999775 -0.03272812648520658 -0.0119583844441435 0.2949648335678615 0.02989995631411861 0.9550401769405815 0.5713974076711452
29 0.9530135291105795 -0.012827477869236076 -0.30265602446294143 -0.12632602598628884 0.0018583185660448805 0.9993318094222888 -0.03650316875123914 -0.01300190860687265 0.30292203614842117 0.03422558236595263 0.9524005719902765 0.6023101151610799
30 0.9504758452869025 -0.014502937637443186 -0.31045987232818417 -0.13650589742160976 0.001642959451518074 0.9991311678676934 -0.04164384804001446 -0.014435386482182384 0.310794092946421 0.03907139868527339 0.9496738690700022 0.633721826454032
31 0.9485228951647707 -0.01621010789029558 -0.31629345511791146 -0.14723226344753998 0.0006812682378510423 0.9987914102481282 -0.04914524074763915 -0.016414395732686965 0.3167078357442856 0.04639990535270834 0.9473875635458965 0.6665950032380149
32 0.9470806470649865 -0.018128713963000115 -0.32048338129303067 -0.15703230703024532 -7.898154638420838e-05 0.9983907378423682 -0.056709155808273126 -0.018214257813599626 0.3209957035800972 0.053733456250453414 0.9455551141855765 0.6937853862928559
33 0.9457906471248058 -0.017327908846734717 -0.3243143465624672 -0.16882803449783837 -0.004168942456707698 0.9978456945943693 -0.06547205280326296 -0.020383027755726306 0.32475016817552765 0.06327490303809119 0.9436808861662328 0.7260100030738661
34 0.9443447135261636 -0.01651971083498057 -0.3285424800373869 -0.1795854142423 -0.008385677622507763 0.997204803257942 -0.07424460094916484 -0.02269466270701314 0.3288506385062975 0.07286754773709611 0.9415665552900561 0.7579409095515779
35 0.9428072707500218 -0.01604603904762117 -0.33295191071951685 -0.19191014814280355 -0.011781051973920847 0.9966127024733553 -0.08138997532339652 -0.024874362888130854 0.3331300902579691 0.08065758426606598 0.9394246627937121 0.7914514816746163
36 0.9412095049910773 -0.014665932428446955 -0.33750493054243746 -0.2046530582265149 -0.015969671695162807 0.9960087284301935 -0.08781561636074561 -0.02832879731681344 0.33744575460420306 0.08804273574164516 0.9372186721265889 0.8234184391955442
37 0.9393357732019046 -0.015493281166597947 -0.34264889234006357 -0.21742057168663187 -0.01762781635031262 0.9954785519360682 -0.0933365562145317 -0.03153590903918105 0.3425457126777379 0.09371451794658885 0.9348155025737104 0.8583608728547375
38 0.9375971017096455 -0.013570409650072196 -0.34745865775312273 -0.23050062897949783 -0.021943425426250572 0.994937416167678 -0.0980715248690843 -0.03572588155965246 0.34703048993746227 0.09957601062260962 0.9325526565091382 0.8912427797947886
39 0.9358567234726863 -0.011331766681467115 -0.35219850112521 -0.24393430925325657 -0.026103561055670976 0.9945073276225092 -0.10135965373534021 -0.039245591894955176 0.35141257409372906 0.10405174851491923 0.9304205696349405 0.9267806160601011
40 0.9339753538179014 -0.009132182857634914 -0.3572207184598627 -0.2584301891460797 -0.029657342373671226 0.9942434457487936 -0.10295830529343636 -0.043361334797704106 0.35610459208504547 0.10675473676526168 0.9283280377507311 0.9617006144114394
41 0.9316824313209766 -0.009547741370937175 -0.3631483000132963 -0.27232427000784803 -0.029553892607813353 0.9943488258247628 -0.10196558249057122 -0.04723049655489701 0.3620696267288368 0.10573198766517795 0.9261351587024494 0.9950973503013039
42 0.9292186530636208 -0.009772758155298367 -0.3694011207301193 -0.28726335379651435 -0.029372616511976497 0.9945339559284581 -0.1001971052702228 -0.05171289364889561 0.3683611600017984 0.10395529665837037 0.9238524514763163 1.0320015552303015
43 0.9266346806164912 -0.009028136757529384 -0.37585457483641266 -0.30343783071003844 -0.03044589801284019 0.9946262609269185 -0.09895275826741282 -0.05529306011774638 0.3747281894559908 0.10313628760637375 0.9213803178958242 1.0693767253168134
44 0.9232243303117069 -0.00784457451331537 -0.38418133553207023 -0.3188623522443167 -0.03130549433175045 0.994932667901894 -0.09554555126359368 -0.06006875818872241 0.38298407531533846 0.10023696420145768 0.9183004677460045 1.1070278593894356
45 0.9199061612375317 -0.005263951547132109 -0.39210323300291416 -0.33437976582463563 -0.032509036944693606 0.9954442018477372 -0.08963260302283986 -0.06372500220316096 0.3907887114978587 0.09520048225629373 0.9155441284525898 1.1419496104582452
46 0.9162147181440158 -0.001609645633463757 -0.4006844135940607 -0.3517976541235778 -0.035126870970672505 0.9958191780968632 -0.08432240194810468 -0.06786676745079037 0.39914495260756 0.09133221543038728 0.9123276457679477 1.1797513148904517
47 0.9124511208353401 0.001432102544685569 -0.409183212227277 -0.3695146124599068 -0.03765115247540694 0.9960453853587508 -0.08047348024542854 -0.07118822807125724 0.40744980402941033 0.08883433676140787 0.9088966485847307 1.2170747623809857
48 0.9085499455921799 0.0016728281400951112 -0.41777290243679094 -0.3864573021403031 -0.03788527229804877 0.9962017108891107 -0.07840189643440706 -0.07416000119155423 0.4160549272720483 0.08705947890736826 0.9051623857767332 1.2508447542605585
49 0.9038419935337988 0.00022485895944678556 -0.42786633445890154 -0.4049234646971234 -0.0369717174046848 0.9963006120230962 -0.07757694628272079 -0.07912776732952409 0.4262660470140642 0.08593625498503164 0.9005066447518036 1.2964205201674692
50 0.9002343547924211 0.002739556317322172 -0.43539706163760167 -0.4240739472865416 -0.04012593182058852 0.9962467280954908 -0.07669658632924205 -0.08207494990808552 0.4335527834612559 0.0865156147190414 0.896965457731112 1.3302640970453503
51 0.8960963011337489 0.0037348225283552992 -0.4438439705516963 -0.4446138473405193 -0.04116909098117687 0.9963533130357051 -0.07473407221982462 -0.0861967726417358 0.44194629203354213 0.0852415784899369 0.8929822776821199 1.3722874776431078
52 0.8918288648940716 0.00034825071530476554 -0.452372804734315 -0.46153706952008794 -0.03668908476548998 0.9967610617509615 -0.07156323662444712 -0.08986707142622026 0.4508826752058922 0.08041930426542626 0.8889530632719831 1.4074889221671638
53 0.8884591376782122 0.002746874560247075 -0.45894750827980063 -0.4834923382248249 -0.03790109488144828 0.9970056167848202 -0.06740405852994037 -0.09308877965632108 0.4573880930707257 0.07728036477443953 0.8859028601023108 1.4432382482663844
54 0.8838113715510263 0.0030548745719761834 -0.46783343965394686 -0.5070577284045552 -0.036631784724796626 0.9973605147110284 -0.06269063760426129 -0.096521853436787 0.466407088137573 0.07254427225289503 0.8815904699452732 1.4947446640000537
55 0.8797912410726159 0.0016524973846340617 -0.47535738280192913 -0.5297255570052144 -0.03370988401239113 0.9976932643351348 -0.05892193157198828 -0.09869120140091842 0.4741634906356425 0.06786324154280216 0.8778175007343645 1.5354708357511153
56 0.8759807518419048 0.0013118708973315013 -0.482344276836825 -0.5515556814936565 -0.03279316533765826 0.9978445069949732 -0.05684143002331937 -0.10223399506022403 0.4812300185042781 0.06560959422757953 0.8741356018580093 1.5757410222769415
57 0.8726258531876464 4.667370236310746e-05 -0.48838931004895836 -0.575396494336993 -0.03123783583853352 0.9979577326234685 -0.05571859213180697 -0.10479456959148555 0.4873892879010134 0.06387770909003654 0.8708451758612156 1.6175563799951531
58 0.8691082265495047 0.00019344127721942442 -0.49462192948194983 -0.5978917972846269 -0.030575878383732664 0.9981084565145992 -0.05333502315653039 -0.10892173309675116 0.49367601339850187 0.06147740735031618 0.8674701851824334 1.6589003991879072
59 0.8658473067062264 -0.0009048680305110525 -0.5003075281098827 -0.6213013935095473 -0.029029356103329896 0.9982227545224805 -0.0520444890240817 -0.11139429192922985 0.4994654522124624 0.05958618604508142 0.8642822157598762 1.6996339569335717
60 0.8628604346229996 -0.0031079632661974495 -0.5054326967327541 -0.6448783814726543 -0.02697527683934732 0.9982727814733239 -0.05218992440072857 -0.11426668536448933 0.5047219083828725 0.05866680776937805 0.8612862479248706 1.741599849401171
61 0.8605876318477675 -0.003333203145369058 -0.509291485956169 -0.6681719089529746 -0.0272213966457307 0.9982481928278956 -0.05253133427295026 -0.11715219232296425 0.5085744030870083 0.059071442107268196 0.8589893138171514 1.7812980930175724
62 0.8594745957996665 -0.002339168988621368 -0.5111731090965589 -0.6973488532435153 -0.028730405367197336 0.9981877875158948 -0.05287442351042131 -0.12039553628643744 0.510370437018482 0.06013043441191445 0.8578498399341216 1.827917919847544
63 0.8589977525512353 -0.0023133736559303583 -0.5119741296337682 -0.7226270634035182 -0.028238075872271826 0.9982535512422593 -0.05188890539652639 -0.12323713871207936 0.5112000314778534 0.05902961743519851 0.8574322317725732 1.8698881796829205
64 0.8585355755581509 -0.0029509687513936565 -0.5127455092777142 -0.7464684570463797 -0.026209368217226543 0.9984236818073249 -0.049630843474191645 -0.1263001985536285 0.512083718271425 0.05604858062194057 0.8571049072847369 1.910686556665707
65 0.8584109626131332 -0.0027246197252362454 -0.5129553545026571 -0.7745580861017239 -0.026115220634331453 0.9984570019870438 -0.04900622852520542 -0.1295191676677354 0.5122973887468234 0.05546342606075937 0.8570152821582522 1.9552803532613674
66 0.8582486664129895 -0.0026670572323165215 -0.5132271557566342 -0.8040063263677144 -0.027132071247744867 0.9983524150303862 -0.05055992595725246 -0.1323806590566242 0.5125164166250017 0.05731790478301786 0.8567622660231673 2.0008210191374682
67 0.8564807286377746 -0.006294660079524324 -0.5161406191403556 -0.8339430515670035 -0.023727859793969915 0.9983885024150028 -0.0515498488370798 -0.13481290716546754 0.5156333485546722 0.05639836433808442 0.8549511532001605 2.054745886516405
68 0.8547495018109597 -0.007877904973225968 -0.5189809512565459 -0.8603088113241979 -0.021081388792741802 0.9985328113254065 -0.04987784832116695 -0.13731245598165445 0.5186124412318756 0.05357390521338627 0.8533293458446751 2.0969961432391107
69 0.8525125011188267 -0.0073816430051151525 -0.5226547108585815 -0.887734284057935 -0.019150147044407286 0.9987879333089439 -0.04534243205460481 -0.14148936994526387 0.522355920139037 0.0486639047240756 0.8513378395635343 2.1409005998671837
70 0.8494591191051278 -0.0064436089899063435 -0.527615091588864 -0.9163336389207611 -0.018571640778072378 0.9989407780687072 -0.04210007209371988 -0.14337678543225812 0.5273275065155907 0.0455609681050718 0.8484396849849599 2.1878271782849734
71 0.8449675642910661 -0.008151214529231798 -0.5347554328828474 -0.9459301446363184 -0.015066309144065128 0.9991242219329838 -0.03903582297819803 -0.1480350874958771 0.5346052951709311 0.04104079493026656 0.8441047515129229 2.237981254023304
72 0.8395157859924894 -0.009654570017108666 -0.5432495138950401 -0.9740026439453892 -0.01535152947452563 0.9990214688685592 -0.041478130171199834 -0.1502283190410586 0.5431183808454703 0.043161255976755034 0.8385460812443783 2.2815447844012615
73 0.8331839162877805 -0.015093668364700503 -0.5527899626572946 -1.0037539360600067 -0.011581779591953242 0.9989318930593609 -0.04473181653281175 -0.15342249840217112 0.5528746910655615 0.04367212158961542 0.8321191752237304 2.325867520920042
74 0.8262485260668794 -0.01846429201691289 -0.5630030578004204 -1.0325143374190073 -0.007373741159756062 0.9990224870671618 -0.04358552828005523 -0.156297614792348 0.5632574909520671 0.04016391731961339 0.8253047065368796 2.3685064786363874
75 0.8207942686209937 -0.01152615625305688 -0.5711076223628593 -1.0679162477049469 -0.013266584873700025 0.9991420758365018 -0.03923149269292464 -0.15888987005184654 0.5710698436484954 0.039777632095892836 0.8199371766544841 2.4183490236232204
76 0.8154625180018216 -0.007604269699595934 -0.5787599302098103 -1.0990999425583987 -0.015424707238931776 0.9992730783721963 -0.034862490547114024 -0.16173413589889948 0.5786043208797543 0.03735625681047521 0.8147524470269406 2.460903652306805
77 0.81140477985034 -0.007695410696197952 -0.5844339688024968 -1.1294978432746638 -0.0164885806395468 0.9992139883203489 -0.03604902569328045 -0.16424446711933804 0.5842520089349409 0.03888683837956582 0.8106401198166342 2.5026152043475407
78 0.8080584300670717 -0.009342110169808848 -0.5890282663634355 -1.1615462238024292 -0.017578067798911304 0.9990466681578202 -0.0399595592470072 -0.16715581431769164 0.5888400335659898 0.042643637512920426 0.8071238659893972 2.5448883470167707
79 0.8046247022962195 -0.011368263749672404 -0.5936748698016765 -1.1952002087233147 -0.02103173285471557 0.9986437041479002 -0.047627915962061874 -0.16972693787457918 0.5934111177487725 0.050808608966190306 0.803294298863793 2.590942497457988
80 0.8014690714470489 -0.012730800193041786 -0.5979007060041406 -1.2283640887272558 -0.020827989102314884 0.9985726717365335 -0.04918144091946871 -0.17245783282853921 0.5976734245252658 0.0518704731750751 0.8000599550213939 2.6339525970114837
81 0.7979241436060069 -0.01198223135579729 -0.6026387700624282 -1.2601530403252144 -0.019010510452644593 0.9988047331597104 -0.045030051189062004 -0.17576637709888956 0.6024580164152105 0.04738703566900762 0.7967426230016529 2.675649661021999
82 0.7949744305388858 -0.00832397224966597 -0.6065858276248801 -1.2941910036586046 -0.020200536043339854 0.9989881191040574 -0.040183034137546605 -0.17845372008628235 0.6063065174752253 0.04419784355513624 0.7940018623984075 2.718976964716736
83 0.7913998518126232 -0.0068901840939239135 -0.6112600100727265 -1.3254166522516535 -0.019343353226091983 0.9991534800495635 -0.03630644558225592 -0.1820558201277548 0.6109927243731536 0.040556733941461684 0.7905966367845696 2.7604065840092007
84 0.7881132817045111 -0.006201073883591892 -0.6154989860947263 -1.3595214857203919 -0.02172143626240005 0.9990462484831848 -0.0378783922358516 -0.18356154670454788 0.6151468397119864 0.04322198600671612 0.7872269212355424 2.8040749229439537
85 0.7847794937759951 -0.007132055740729887 -0.6197340396731519 -1.3939544936372623 -0.022011792284182284 0.9989822068925212 -0.039370437038291295 -0.18663857525840644 0.6193840707905964 0.04453856860137253 0.783823761286815 2.8452045609893717
86 0.7803304157977161 -0.010634287714775443 -0.6252770218917072 -1.4258387486069648 -0.01953669654190037 0.9989528376127362 -0.04137083167754768 -0.18988337630411933 0.6250622046398204 0.04449876571615959 0.7793055242846322 2.88637702965164
87 0.7756537753072251 -0.012035482134504238 -0.6310438717089634 -1.4594282336285647 -0.01863841253322515 0.9989453518362554 -0.04196181148354977 -0.1926326447289873 0.6308833730808651 0.04430949350342072 0.7746114111963366 2.9277748808355297
88 0.771460622660332 -0.012152319505934223 -0.6361610085624223 -1.494937956407403 -0.018067499746996372 0.9989960441195072 -0.040993527372841065 -0.1952161366828573 0.6360204974192458 0.04311873101334585 0.7704665482020446 2.9687682550207173
89 0.7664040269469821 -0.01182805162902325 -0.6422499238412648 -1.5299777158489998 -0.018347135011758386 0.9990194730305432 -0.040292370774577604 -0.19825825296698024 0.6420967607115843 0.04266368128088439 0.7654355362688966 3.010516776449233
90 0.7611006042778922 -0.012878398762044987 -0.6485059884173416 -1.5652109239549086 -0.01816363834696772 0.9989876329000293 -0.041155698934616826 -0.2012749849310724 0.6483794817927445 0.0431028555680713 0.7600961724887515 3.0510352179050693
91 0.7555798444594519 -0.014212707241432462 -0.6549023573018344 -1.6015236572714393 -0.018240454302706054 0.9989204269517814 -0.04272313711914989 -0.20376143709695485 0.6548025538079866 0.0442264578204057 0.7545048945866412 3.09261133067401
92 0.7495580652348885 -0.015621361579119322 -0.661754244341315 -1.6379387611265463 -0.01712376533328146 0.9989293246473632 -0.04297651708053739 -0.20700549388907133 0.6617170720951221 0.04354511938182542 0.748488035359204 3.134367139323064
93 0.7434819233467556 -0.017825077813106358 -0.6685184337455218 -1.6727112075790525 -0.01558522335745639 0.9989113925473574 -0.04396738168230417 -0.20994175436191917 0.6685744015960431 0.043107962606181285 0.7423947555650139 3.173816345652921
94 0.7376614587652944 -0.01913192348173732 -0.6748996531012196 -1.7127941757076395 -0.015835109535628864 0.9988332416765743 -0.04562241365667763 -0.21307914677640497 0.6749850528406183 0.044341006142794244 0.736497830014449 3.2155008010810193
95 0.7310942455722612 -0.020182143140631364 -0.6819779213357108 -1.7502916241417157 -0.014273005582929509 0.9988912406202356 -0.04486168436200797 -0.2168446289012655 0.6821271768539613 0.042531993962402384 0.7299955781282695 3.256863993570418
96 0.7244809060085458 -0.020436962414738177 -0.6889918340563224 -1.788707599023857 -0.012891912061463784 0.9989837838617949 -0.043187940267744536 -0.21989008105085453 0.6891742997474846 0.04017126022953928 0.7234812052977841 3.297416978989487
97 0.7180534311744875 -0.02109569664129063 -0.6956681978944875 -1.8261535422411344 -0.011007086285330349 0.999071318131415 -0.04165747638377049 -0.22393628919351916 0.6959009369371855 0.03756957373162149 0.7171543858191007 3.3346202567205214
98 0.7117757296612732 -0.022403945994452768 -0.7020494098487938 -1.865326266070734 -0.011473333551324252 0.9989870138807687 -0.043512167434005364 -0.22552076432558021 0.7023130877908954 0.039025751773188205 0.7107976627818604 3.3739583377184887
99 0.7047265219809963 -0.02413652416534187 -0.7090683728793608 -1.9014966195384695 -0.010867433850408692 0.9989366641394403 -0.04480446316466839 -0.2292917168347413 0.7093958190587785 0.039280647132945795 0.7037148589185407 3.4108533342170704
100 0.6983425092943785 -0.02376885983546273 -0.7153689824241423 -1.940450688840045 -0.011871303050346779 0.9989263760134752 -0.04477909633380147 -0.23198241067090183 0.7156652931897127 0.039763508480856816 0.6973105846873221 3.449014756869081
101 0.6928643346581123 -0.02303938413638876 -0.7206997991795108 -1.9862886706652492 -0.012791163948058501 0.9989394266156577 -0.044231302011527904 -0.23468759413055984 0.7209545061122964 0.03986488092791727 0.691834800646063 3.4925268740976345
102 0.6886466962464942 -0.02138890817464167 -0.7247815135307227 -2.0265836686826013 -0.01574121265418143 0.9988882792317921 -0.0444344442693419 -0.23788324722157672 0.7249261631179855 0.04200857317793785 0.6875444260603014 3.5276725461678975
103 0.6831887092383233 -0.022228285834318982 -0.7299034805220082 -2.0701267136297927 -0.015998500028953783 0.998841089544721 -0.04539301525497229 -0.24078845650668773 0.7300665966650556 0.04268935635474485 0.6820413354686944 3.569062241058137
104 0.6771380568624685 -0.025634326537340157 -0.7354093644029133 -2.1109840163573823 -0.013707294434563774 0.9987802298347515 -0.04743587851537523 -0.2445304210085869 0.735728320800419 0.04220111129127143 0.6759607268014741 3.608094919673679
105 0.6719385591774107 -0.02769218038629343 -0.740088991835467 -2.153400573620781 -0.014242296922840368 0.9986327489714756 -0.050297014424670605 -0.24756197414651623 0.7404699383965203 0.04433707057448491 0.6706254502357676 3.6460023054819963
106 0.6677024518511362 -0.027418320649455097 -0.7439231623526349 -2.197158625405119 -0.016017532591805154 0.9985609998712683 -0.05117976343989267 -0.25089916041406857 0.7442559199910012 0.04608866703275955 0.6663024540923527 3.6820198555461343
107 0.6616801245953587 -0.028779527181622397 -0.7492337095530823 -2.2385301998554903 -0.012598572726748284 0.9986952475059251 -0.04948816600287445 -0.2542523091924732 0.7496803910205463 0.042184611225913674 0.6604542148362739 3.7222523565915515
108 0.6565085586603263 -0.02909581566336584 -0.7537572194789406 -2.283955604321995 -0.011800983621087108 0.9987373505506592 -0.04883074237224301 -0.25749548662575505 0.7542262586195971 0.040952876894462115 0.6553362592461608 3.760790778522042
109 0.6508539734982616 -0.02960956352876334 -0.758625321834936 -2.326962203875159 -0.011703869711573882 0.9987291166130852 -0.04902214869853296 -0.2613479224769825 0.7591127219427288 0.0407851121965197 0.6496802675222778 3.798338230442111
110 0.6460601418424055 -0.031193388709600024 -0.7626488481754774 -2.3706931420822888 -0.009503420525654855 0.9987584082605078 -0.04890119556053268 -0.2648370871602288 0.7632273436669335 0.038840886057718814 0.6449615550165512 3.835632123507053
111 0.6416807801422137 -0.0318470742450143 -0.7663103420012758 -2.415390865070504 -0.008329129767139731 0.9987892707286266 -0.048483175171398586 -0.2684905727845798 0.7669265949185762 0.0374934199481845 0.6406386200247274 3.87231568576963
112 0.6377868800356434 -0.03252651390681633 -0.7695257770519902 -2.46264924381813 -0.0076008279353336275 0.9987934427916929 -0.048516863573554794 -0.27192151808151693 0.7701753846164503 0.03679245207086855 0.6367701252426308 3.9105880133490745
113 0.6334744867255386 -0.035448929282107106 -0.7729511291670175 -2.5055355938642196 -0.004849485795120546 0.9987484929644188 -0.0497788136542583 -0.2751485272144976 0.7737483810356814 0.03528202395065534 0.6325097798695345 3.94622978675459
114 0.6290106422007699 -0.04010998463365476 -0.7763612568455893 -2.551336101358722 -0.0016632768334315234 0.998596354963252 -0.052939147747977436 -0.278965321843239 0.7773949096233846 0.03459059101540177 0.6280610205265525 3.9832226887619067
115 0.6240721501600484 -0.044117950584385716 -0.7801202201140844 -2.598492197789094 0.002657529451491851 0.9985187882112281 -0.05434305039648607 -0.28292928979726867 0.7813622008593891 0.03184079184653344 0.6232650118872044 4.0206241248067895
116 0.6171485928446003 -0.047611273206886726 -0.7854048516615804 -2.6443991240230162 0.007597467361274762 0.9984816919561594 -0.054558127882649333 -0.28647909729077564 0.786809947089908 0.027703384125127083 0.6165732962660575 4.057254315758713
117 0.6092586462680667 -0.05096814500272585 -0.7913318836888754 -2.6919768142007823 0.011501635454908322 0.9983952502574736 -0.05544940617517327 -0.29023384649928546 0.7928881474265237 0.024681419292618884 0.6088671556359702 4.092987256082645
118 0.5998769588031149 -0.05228631938554836 -0.7983819731821594 -2.739239329411806 0.015243662621076147 0.9984281500943933 -0.05393384696999069 -0.2943045004245084 0.7999470389013391 0.020183406654972695 0.5997310772744556 4.128347879258137
119 0.5906736376718472 -0.05102682167364115 -0.805295546510344 -2.7890757863588203 0.015668539792232726 0.9985356625342333 -0.05177863949640712 -0.2974047215023023 0.8067584214746607 0.017966472030036852 0.5906082079200283 4.164352658132618
120 0.5814419548423403 -0.050235314382387965 -0.8120355080524622 -2.8366191534882295 0.014592822677208184 0.9985753098456808 -0.05132640736418634 -0.3018279186578584 0.8134570072692404 0.017993436456260562 0.5813466552488842 4.198674457238652
121 0.5722181495208193 -0.051650745157421865 -0.8184733287552212 -2.887398999085458 0.015035220374808101 0.9985077074998364 -0.05250047820450869 -0.3060800501772751 0.8199636159655197 0.017735799618404553 0.5721408130037967 4.232729309686054
122 0.5625219710329078 -0.05464583728954514 -0.8249744629818411 -2.9375124610668495 0.016037386460874697 0.9983468140213095 -0.05519457553967807 -0.30950924974492017 0.8266267805610684 0.017817727139712074 0.5624683940087813 4.26561743805652
123 0.5517557735111027 -0.05527020729418517 -0.8321723202455261 -2.9861435997549908 0.014564597435542257 0.9982880689127269 -0.0566463058640122 -0.31310761503554885 0.8338785516480834 0.01913467146716732 0.5516161939692652 4.299372402607324
124 0.5411093423636059 -0.05584541430641035 -0.8390959237821213 -3.038283140907588 0.017172968933454828 0.9983183239367575 -0.05536798018813942 -0.31727019111626037 0.840776884045248 0.015550363116306335 0.5411584032999159 4.332960303818166
125 0.5310218649413452 -0.05607344552043866 -0.8455007673927222 -3.090505789164523 0.018995017971931635 0.9983450598822474 -0.05428011331010391 -0.32164004679923963 0.8471451872297106 0.01276362472725216 0.531208171659059 4.365637534832172
126 0.5203572479309299 -0.056457375476582056 -0.8520803361655783 -3.1426012350699035 0.018559557536083234 0.9983241294795786 -0.05481309444746136 -0.3254235522147786 0.8537469633034214 0.012708156952828942 0.5205330204675287 4.397590258474165
127 0.5098781169865061 -0.05800790012746319 -0.8582886398765259 -3.190807514353843 0.019466500266135327 0.9982464352538513 -0.055902682139297194 -0.32871775491402583 0.860026372378012 0.011795678267102701 0.5101132234989948 4.42644376478212
128 0.500004733546918 -0.05817820968781395 -0.864066295111779 -3.244859590571329 0.0169406488241691 0.9982071152127143 -0.05740705144951367 -0.3325790616520086 0.8658569632728557 0.014065953797438786 0.500093859286111 4.456920477225329
129 0.4898866361598358 -0.059488559668854385 -0.8697541002953223 -3.2993323792027685 0.016282167700506875 0.9981194214984123 -0.059097474080094914 -0.33689493095283396 0.8716340830457313 0.014789580663428871 0.48993396858844834 4.487651062506307
130 0.480531395508149 -0.05946871380101733 -0.8749588847539312 -3.3505146967326005 0.015587840723289543 0.9981197580485216 -0.05927872986785401 -0.34061545649198555 0.8768389801739974 0.014846571052379135 0.48055486905806133 4.514868762907971
131 0.4707328035507447 -0.05765551223824794 -0.8803899531286129 -3.403263740312909 0.01553108778307913 0.9982493852185883 -0.057069696187948604 -0.34530043177206116 0.8821391120302567 0.013191164438960887 0.47080418456850387 4.544271780560945
132 0.46339290743261086 -0.055747854405429384 -0.8843976425060972 -3.4594511181797674 0.015543298266747625 0.9983770021240101 -0.054788388449242026 -0.3494787701954422 0.8860166021131558 0.011642094273160836 0.4635073272568539 4.571806368154379
133 0.45461677290328995 -0.05599030016302354 -0.8889255739839265 -3.517255639328159 0.01708752793993179 0.9983868162184535 -0.05414592865656532 -0.35439590703844676 0.8905232204630604 0.009426106769729258 0.45484012831682413 4.60319714418383
134 0.44776500375534517 -0.05866259701488236 -0.892224860180126 -3.573244422104792 0.018598742314294706 0.9982406971225067 -0.05629917754903967 -0.3590142919651877 0.8939578223810685 0.008614541185770803 0.4480683000211646 4.629409583970225
135 0.440305332840681 -0.06346671622598647 -0.8956021381191244 -3.619437102158007 0.02296102074886657 0.9979682185585879 -0.05943253547652854 -0.36201730434200013 0.8975544581796846 0.005604523038475994 0.44086798922498777 4.652701527114363
136 0.43381130556602004 -0.06601516519720532 -0.8985820770119394 -3.6776505376692628 0.02256198205583426 0.997795441559876 -0.06241164769531667 -0.3658481248969378 0.9007212155427545 0.00680108567199416 0.4343443761635054 4.68057339984133
137 0.43012679448782953 -0.06794715324051505 -0.9002078232442409 -3.7347237646246882 0.02405487755844964 0.997672108805453 -0.06381007896350366 -0.3726435501099525 0.9024479505928706 0.0057920357552884326 0.43075996656204835 4.704768120800116
138 0.42333774482797115 -0.06977952143040922 -0.9032806718805125 -3.7874067042620885 0.028745758150498214 0.9975619813598376 -0.06359068118669581 -0.3767814185832837 0.9055157840658109 0.0009548478297535393 0.4243115047618923 4.732921847096603
139 0.419620688985288 -0.0673120519461955 -0.905200290012274 -3.837284490011182 0.030563573771985403 0.997728892912901 -0.06002436342920679 -0.3810413269744843 0.9071848462875668 -0.0024786911041456135 0.4207249823300413 4.755689566506551
140 0.41628842212847367 -0.06429717393709054 -0.9069563512239653 -3.8927326467542422 0.031635844872047576 0.9979167931559506 -0.05622497004512785 -0.3853211573602958 0.9086820802244407 -0.005286526368732697 0.4174553026587819 4.781658774564863
141 0.4131211044316967 -0.061807715670156554 -0.9085762264976849 -3.946531232148392 0.030702617560180823 0.998072288268108 -0.053935671556179246 -0.3914099438140445 0.9101583940985702 -0.005613704204876626 0.41422238468848066 4.806672710607034
142 0.40837486186566413 -0.06432099877602376 -0.9105453208449619 -4.0016227716000685 0.03646516812323233 0.9978675724282083 -0.054135010944664844 -0.39412834219472914 0.9120856668701377 -0.011095810591810333 0.40984950808481707 4.832495140464361
143 0.40568987940636364 -0.06471547421355181 -0.9117168579907716 -4.055762463546328 0.03983797573714257 0.9977943058433775 -0.05309857734157519 -0.39773961124612517 0.9131421890573322 -0.014779398629427095 0.4073731851014933 4.857288054386737
144 0.4050536642052761 -0.06194632162268535 -0.9121919657348985 -4.121099744234365 0.038893370271225004 0.9979664184980964 -0.05050082473611491 -0.40350358250521906 0.9134652893585091 -0.015022675777012199 0.4066392557902815 4.882951301433802
145 0.3999510607330489 -0.06339381279865074 -0.9143414972084328 -4.161835125810701 0.043011546211810824 0.9978042050204583 -0.050366410790927005 -0.4067309927037712 0.9155267095562958 -0.019183142139409057 0.401799516110561 4.905207091808712
146 0.39764911525853663 -0.06307488521404091 -0.9153669974329086 -4.216135842695295 0.044398094493105646 0.9977884632991901 -0.04946707705557317 -0.41088848038481673 0.91646275993053 -0.02097001102232214 0.3995701043599726 4.929353765015996
147 0.39503848839874606 -0.062431358814979965 -0.9165407345667452 -4.273237013515334 0.048967478831495326 0.9977007920854984 -0.04685419393027608 -0.415168607512235 0.9173585878491141 -0.026371479072742298 0.39718731902088095 4.954156282053917
148 0.39275830129610917 -0.06132501320813342 -0.9175947686849665 -4.319008634545942 0.049171416126887434 0.9977472746224615 -0.04563494077488326 -0.4182681700357136 0.9183262430090251 -0.02719593238837179 0.3948889624469844 4.974587552342806
149 0.39142804296364203 -0.06294847830548529 -0.9180531445731652 -4.373334895759088 0.051770504650853894 0.9975838269805558 -0.046328425345832515 -0.42178015363406196 0.9187512732126409 -0.029393829724149674 0.39374115957605765 4.996852410562644
150 0.388255454592542 -0.06481510422902802 -0.9192696580671629 -4.428058926726746 0.0546065330416221 0.9973889058357944 -0.04725988854039983 -0.4250430521121147 0.9199325130292506 -0.03184921944815939 0.390781011171513 5.022553649441769
151 0.38833036873510957 -0.06585472731713424 -0.9191641200612868 -4.472548164519476 0.05386267089094616 0.9973600199737183 -0.04870116264030961 -0.42833594671589387 0.9199447469291552 -0.030596494047687228 0.39085229582214615 5.041052944895006
152 0.3889214877401761 -0.06657164054252304 -0.9188624995337685 -4.52518155437824 0.054240923567456564 0.9973102490843004 -0.049296950026953494 -0.4325366647719639 0.9196727671212825 -0.030667307460677366 0.391486293078819 5.063383428150913
153 0.39115255065050725 -0.066763438819931 -0.9179010433355765 -4.58406000762737 0.05119017123680139 0.9973995505687584 -0.05073167545021358 -0.4361695023915303 0.9189011091996511 -0.027143687335662022 0.39355301008818944 5.0885069747981895
154 0.3952520632489999 -0.06592103008356767 -0.9162042481292749 -4.619740753733878 0.048441348708686036 0.9975295478596146 -0.05087471751544646 -0.43958253517415663 0.9172945231672823 -0.02427383240681945 0.3974689155488686 5.103829510924879
155 0.40069387120853645 -0.06762697795787814 -0.9137127630870664 -4.671308974222115 0.047790845808885006 0.9974573093191619 -0.05286729747820765 -0.4426939832938293 0.9149647297206533 -0.022483503687427943 0.40290698111245127 5.125988357231965
156 0.40521809490656874 -0.06719863442058026 -0.9117470258203753 -4.7189647893821025 0.04706296336935098 0.9975059113555129 -0.05260260725194792 -0.446389039433606 0.9130078712909246 -0.021593988580546234 0.4073700119277278 5.14850893694783
157 0.4126523808966685 -0.06642082904747981 -0.9084636954820793 -4.7657156169775154 0.04669003156435715 0.997569195270577 -0.051727570982338086 -0.44980664969162265 0.9096911857838517 -0.021070693293267596 0.41475049414233467 5.168780683334412
158 0.42059411937792945 -0.06562160513816373 -0.9048725831208473 -4.814895955107134 0.04553675431535367 0.9976505444577461 -0.051183934487160306 -0.4531982102885013 0.9061053971537345 -0.019677298652348654 0.4225941471040732 5.191849263628655
159 0.42880647607191863 -0.06580679589631977 -0.9009963771806428 -4.863032137790065 0.04618602673855919 0.9976360369619112 -0.05088407107373861 -0.4567773009722156 0.9022149727270592 -0.019794023562487214 0.43083214784683777 5.215069998282381
160 0.4391133291487546 -0.0628190146462767 -0.8962328132593497 -4.905721877991903 0.04318582764538268 0.9978752821131204 -0.048784276547304994 -0.46144360529856554 0.897393151553142 -0.017282729718754095 0.4408932283433118 5.235877274726637
161 0.44933735307245276 -0.06358182221534166 -0.8910966810720476 -4.955144160598305 0.04136709994399988 0.9978750025918213 -0.050341257876572995 -0.46446261440628406 0.8924038918427378 -0.014241877901076916 0.45101270795597953 5.260034909200017
162 0.45996263348436045 -0.06407387972377766 -0.8856234604702354 -5.001376953036701 0.038207085745635985 0.9978974638021556 -0.052353322110932125 -0.46864119718135794 0.8871158855510126 -0.009756519582733816 0.4614436216144656 5.283599357073573
163 0.47160618856982733 -0.06640906684828736 -0.8793050885460519 -5.040837946663504 0.03875331771660755 0.9977576230838141 -0.054570192817078644 -0.4710751978461973 0.8809573106959246 -0.008340348822271844 0.4731222414058831 5.304657838416935
164 0.4833332806895349 -0.06433791890239544 -0.873069053379628 -5.086057450179404 0.03520984249231513 0.9979174827637918 -0.054045948840257 -0.4741590036781949 0.8747280759010524 -0.004618418093471203 0.4845920587925025 5.330009361552412
165 0.496898546502253 -0.06283353263823006 -0.8655309247277931 -5.130027522063973 0.0348455560204931 0.998015602642757 -0.05244658337048671 -0.4769806322513763 0.8671087715561242 -0.004099275279267436 0.49810197172126686 5.354003864078584
