4 1.0 8.673617379884035e-19 1.0479491623430204e-17 2.168404344971009e-19 0.0 0.9999999999999999 0.0 -1.3552527156068805e-20 1.0547254259210548e-17 -4.336808689942018e-19 1.0 -3.469446951953614e-18
5 0.9992210326156397 -0.0030218461454511827 0.039347127270081335 0.0017332572283090058 0.002930148184324922 0.999992855944353 0.0023879472092392974 -0.00016425668722717062 -0.03935406218108438 -0.002270794162718896 0.9992227485819756 0.0093077093040516
6 0.9969196298481159 -0.005936782980256127 0.07820489902391692 0.003993852932590738 0.005714910901532507 0.9999789861394787 0.003060567406176027 -0.00014709869619079858 -0.07822142556156364 -0.0026042056957051815 0.9969326089038372 0.016463843860942802
7 0.9924455277586584 -0.005503774770513968 0.12256256726714637 0.006488104575863201 0.005009585565116488 0.9999780342844081 0.004339931008291411 -1.6288350323552276e-05 -0.12258376109544077 -0.0036931574521548217 0.9924512996130992 0.025640347635128905
8 0.9850174036638312 -0.004985780035006043 0.17238287756273127 0.009257841191983307 0.0037667051223147386 0.9999655380423211 0.0073982876567985105 0.00015484287925218688 -0.1724138231461926 -0.006638126631342946 0.9850022379989498 0.03561766903947689
9 0.9754339898396361 -0.008351934138998204 0.22013354279088557 0.013594164263251206 0.005195047225530601 0.9998752575011725 0.014915794356601644 7.006083326398181e-05 -0.22023065851477922 -0.013405768650165456 0.9753557004585789 0.04520251927888203
10 0.9630889948365525 -0.01676963265432213 0.26866031981920574 0.018778452221640905 0.010996745102137627 0.9996754829475458 0.022978259088745356 -1.6811115039950018e-05 -0.26895847192806077 -0.019175719392763066 0.9629608674104533 0.05571184651255248
11 0.9469813026934497 -0.02198639249340187 0.32053550644841705 0.024597217670954668 0.013850368025572116 0.9995219637902207 0.027640752639843377 3.687110189554759e-05 -0.32098999930616734 -0.02173574121273257 0.9468331309683665 0.06572874208525001
12 0.9268445781078501 -0.023121159868751975 0.3747326246784565 0.03108389557028122 0.012051675797989842 0.9994197881558058 0.0318566186696646 0.0002590602149744616 -0.3752517623443513 -0.02500997818727338 0.9265854606287164 0.07646943184793806
13 0.9036654158385321 -0.024550074738787286 0.4275349226059699 0.03817884255778058 0.009716541730168195 0.9992738209430692 0.03684317568620778 0.0004734872449037211 -0.4281289584157775 -0.02913974276068391 0.9032477347647557 0.08729981279413705
14 0.8766604277203462 -0.028874110953079502 0.48024241814509566 0.04643512585029945 0.010328533701979767 0.9990968953394547 0.041215471787056715 0.0008400694810638581 -0.4809987690844403 -0.031171773124605118 0.8761669388304499 0.09778089187281248
15 0.8455482384620077 -0.03485434665808032 0.5327601251528067 0.05586854207796158 0.012977600466836433 0.9989137279648825 0.04475428436947551 0.0010957053396163298 -0.5337412840692755 -0.03092795826334288 0.8450820688416847 0.10874316729712216
16 0.8120826044356384 -0.038655824367574976 0.5822607412624466 0.06573045541294839 0.013620554764515222 0.9987872914007514 0.047312017757197074 0.0016576450577356953 -0.5833835137034106 -0.03049055228777739 0.8116242986507052 0.1192740286043427
17 0.7767808419207304 -0.042004851617770456 0.6283686147998565 0.07780111816002809 0.014538342746455754 0.998703309715396 0.04878868468918065 0.0020881607767542407 -0.6296031767828906 -0.02876267727599086 0.7763842786795785 0.13051111206129576
18 0.7395708339014933 -0.04425175859978752 0.6716224858527863 0.09096575364430998 0.013885382116355972 0.9986271661088479 0.05050722000757988 0.0027760717867758335 -0.6729354930494695 -0.02802793196504922 0.7391699785732845 0.14124675038690762
19 0.7000934806746704 -0.04360422825642262 0.7127185907460161 0.10446523669392423 0.00832849057202119 0.9985644816312593 0.05291136238357491 0.003767209665170933 -0.7140026292399888 -0.031107029794823354 0.6994516410272601 0.15331092267871882
20 0.6617162704701239 -0.04332278227067258 0.7485016459109743 0.12026964352621254 0.004506554270139752 0.9985409770870389 0.053810854357384946 0.0047733284880175884 -0.7497408007863251 -0.03223435456759306 0.6609460477390653 0.16560470578660297
21 0.6241498626827532 -0.04474296296665058 0.7800224459450288 0.1372090080584707 0.0029827107319317907 0.9984880776506248 0.054887723820993314 0.005754231287793348 -0.7812989519702366 -0.03193158396517394 0.6233396518718226 0.17758935158497943
22 0.5873585484060917 -0.04702133380677255 0.8079597327721975 0.15397990151764182 0.0012336126920396116 0.9983616635735117 0.05720547968906599 0.006537461931108715 -0.8093259008668973 -0.03260341813003924 0.5864542636150094 0.18900285159394373
23 0.553570670564496 -0.04608596256372124 0.8315260649825413 0.17452624906534364 -0.002207408601401015 0.9983829507560457 0.05680326563603243 0.007669934090669652 -0.8327992795614322 -0.03328013963652328 0.5525737889800174 0.20034383214763038
24 0.5185253947592594 -0.045572205613720065 0.8538469353843551 0.19551969078636403 -0.0033874173125575512 0.9984613895435402 0.055347800270049465 0.008828852923165022 -0.8550555188955303 -0.03159157587527922 0.5175732140866757 0.2124947233318147
25 0.48719151565577307 -0.044162653176906444 0.8721777841342939 0.21771068952395634 -0.00226279397097645 0.9986533218300805 0.051830710598934036 0.010219722230495307 -0.873292223048205 -0.027225041085769102 0.48643549449171847 0.22282570014119427
26 0.45964008008797685 -0.042840453024073216 0.8870714133379626 0.24268487359562152 -0.0003462124695492062 0.9988271491123064 0.04841700458628426 0.0113636290446549 -0.8881052172539264 -0.02256151105033788 0.45908615891298815 0.2341496375286204
27 0.43545177405452495 -0.040669428831323275 0.8992929167025064 0.2685175602815116 0.0004670668592382911 0.9989890430787706 0.044951903820765124 0.013110428367588177 -0.9002119385574244 -0.01915435634774107 0.4350305464120742 0.24573572215176637
28 0.4163169595094411 -0.04070489277872679 0.9083079328777695 0.2944813759114352 0.0010851639449917195 0.999018896854854 0.044272634280363585 0.013543969796760688 -0.9092189019394762 -0.017445785473365505 0.41595268111311695 0.25675843039926755
29 0.40193119965220725 -0.04153086944726132 0.9147275537716638 0.32282890361387806 0.0028288293382734086 0.9990224510639376 0.0441150767286812 0.01500664314270042 -0.915665500316962 -0.015143617571671665 0.40165577597755336 0.2692504457688459
30 0.39044183572592445 -0.042579685746255945 0.9196423996732208 0.3517484884946458 0.0032303976662592807 0.9989870779948908 0.044881873068619245 0.016290891138198104 -0.9206219297007255 -0.014552950250032172 0.3901838979162673 0.28184996776246457
31 0.38082915432999154 -0.044351118174699646 0.9235811461528204 0.38228913905795664 0.002285741535853027 0.9988910946645199 0.04702506124980921 0.017599264450858982 -0.9246425961407655 -0.015797446520588655 0.3805082260418222 0.2934276864380718
32 0.37063897034065063 -0.046380034819004226 0.9276182652551697 0.41482591854083256 0.0013163494556741795 0.9987776148831476 0.04941197458553103 0.01907670653892652 -0.9287760875953541 -0.017092933584337555 0.3702469591131689 0.3061515405769815
33 0.36149787041495984 -0.047916794466833765 0.9311408435319933 0.4479034498392918 0.0004986595778806125 0.9986883356789332 0.05119921403173615 0.020670602572932344 -0.9323728015252666 -0.01804408453940929 0.3610476007246972 0.31864255143030046
34 0.3515897982277241 -0.04986389858837138 0.9348252271947718 0.4809124097958325 -0.0008339243521856138 0.9985633539365444 0.05357735291309443 0.02179857827327403 -0.9361537899043952 -0.019616824222285594 0.35104310540882133 0.3310553192954941
35 0.34100582934810364 -0.05101495868508516 0.9386759282846084 0.5177554337257343 -0.0006835211726007474 0.9985127031969029 0.05451526715719391 0.02389566805744349 -0.9400609326790571 -0.01923162876026554 0.34046378266389615 0.3446149202387576
36 0.3313820993628237 -0.0520216340332576 0.9420613853748584 0.5542572337272882 -0.0003428269109154083 0.9984720900959514 0.05525728702290133 0.026255747779835765 -0.9434965748170985 -0.018634239773383916 0.3308579429550865 0.35702830765564286
37 0.32156785326059295 -0.05532062877489501 0.94526913827826 0.5900964222260767 -0.0021843671876058375 0.9982458795492998 0.059164114992405106 0.027299442747417822 -0.9468840183936804 -0.02109009233728206 0.3208829439466072 0.3688992881430903
38 0.3098134299828212 -0.05823313721838304 0.9490124026228448 0.6292830783238729 -0.004263886539466389 0.9980275318546705 0.0626327784123693 0.02940679225547162 -0.9507878090688049 -0.02345095711862035 0.3089540333712485 0.38263398656193115
39 0.29826229094985074 -0.06248536463077448 0.9524364467009365 0.666596200507257 -0.004873761481050746 0.997742150486591 0.06698393532346782 0.030729118186610643 -0.954471504156291 -0.024620730073494013 0.2972843208180944 0.394164717085577
40 0.28575353025230577 -0.06437295905637694 0.9561386102917665 0.7049198566089415 -0.005983270549815449 0.9976019880303336 0.06895269357649227 0.03276848043640863 -0.9582844673800531 -0.025424311598388344 0.28468312903625986 0.40558708346249017
41 0.27226069134761827 -0.06469749796882027 0.9600460143677965 0.7442328525526376 -0.006851560390131592 0.9975813554132115 0.06917004736271516 0.03501379201074503 -0.9621991332708303 -0.025410098160266428 0.2711589106858712 0.4163466599637148
42 0.25782173957623006 -0.06367553552493406 0.9640919960136062 0.784491500470098 -0.008649131826807797 0.9976339129418733 0.06820387281474012 0.03698677124973871 -0.9661537885453481 -0.02592299990162418 0.2566609727940172 0.4275422581594169
43 0.24114590875796224 -0.06295327524232944 0.9684449059319584 0.8237618474849638 -0.0091084202184921 0.9977031173992598 0.06712321664612125 0.0387433550087647 -0.9704461280104216 -0.025007492238572814 0.2400186200308588 0.43775847955277875
44 0.22183904549755706 -0.06118348049105207 0.9731618671155041 0.8646793827575534 -0.012238897104663079 0.9977761350116298 0.06552094168214541 0.0408280795019557 -0.975006485768374 -0.026445531120676713 0.2205968870889865 0.44660200653848875
45 0.19632542198172512 -0.05960201602677965 0.9787256655310727 0.9045217302379888 -0.016607337080239606 0.9978055898575217 0.06409525102678275 0.04247370574210344 -0.9803981461828662 -0.028837554241414095 0.1949047727136835 0.4547545962511921
46 0.16702885424433245 -0.058966997199529206 0.9841871037008646 0.9458237992298191 -0.020533530744797572 0.9977854080326706 0.06326652852993811 0.0444350144114678 -0.9857381680573083 -0.030776171924846916 0.1654481528354858 0.46103787665680457
47 0.13428314281146708 -0.058483479535087216 0.9892157096296763 0.9878369962034195 -0.023317230574639133 0.9977940431973801 0.06215588562762096 0.04646975618671515 -0.9906686349708486 -0.031412258455797475 0.13262324722197819 0.46628620017605554
48 0.09956623631217051 -0.05799217734387083 0.9933395552144019 1.028923470893183 -0.02606215017580111 0.9978056869118075 0.060865224017249406 0.04806474957475191 -0.9946895640926583 -0.03194868594125586 0.09783635598173099 0.47066708175628885
49 0.06552138564081048 -0.05686418053230908 0.996229598534443 1.0732350254172132 -0.0271571904722702 0.997903509157637 0.05874583743999833 0.04987990439954146 -0.9974815462099343 -0.030903905631211627 0.06383974927406996 0.4735752631404157
50 0.03301080271136212 -0.0551530177473104 0.9979320776173677 1.1146507951645834 -0.02971161025072212 0.9979808032886125 0.056138547217795536 0.051274628009519166 -0.999013266739066 -0.03150334745356973 0.03130546243962786 0.47433426293839737
51 0.00043333774206944257 -0.051935503731401024 0.9986503470537457 1.157175906084369 -0.030894062300282285 0.9981730541635158 0.0519240874398886 0.05295390492204065 -0.9995225705970763 -0.030874866704887163 -0.0011719526303884825 0.47447741853887365
52 -0.03214572914973553 -0.04757207800528006 0.9983504141791555 1.2010641902605266 -0.027968536604760962 0.9985182938178623 0.04667952304012214 0.05466966276479387 -0.9990917941098406 -0.026421852798861375 -0.03342862002918019 0.4725085114884165
53 -0.06414125764938121 -0.042428643636709736 0.9970384693011122 1.243528406453765 -0.023591493706623702 0.9988810304197939 0.04098937047797916 0.05525543124501923 -0.9976619369765721 -0.020892517001064915 -0.06507044061257136 0.46960929239060556
54 -0.09483093563072341 -0.037091713120471215 0.9948021403601774 1.2854635865359887 -0.018238577940440807 0.9992026245885133 0.03551716894879284 0.05596375969000397 -0.9953263022356598 -0.014775650009907932 -0.09543181987509529 0.4650073695409973
55 -0.12395414635800449 -0.03191271616135656 0.9917746458484725 1.3259889582202107 -0.01261749600404412 0.9994525954225104 0.030582810495366333 0.056527497140837435 -0.9922077244182522 -0.008722846462723623 -0.12428895185953323 0.45904108973248725
56 -0.1524479569047257 -0.026526306856092845 0.9879554521739082 1.3697996229801903 -0.00414913993199381 0.9996481100936859 0.026200011907376707 0.057154853473277374 -0.9883027901778887 -0.00010502713148670276 -0.1525043733664778 0.45140633064621905
57 -0.1790603086447382 -0.01647858096882791 0.9837000875456425 1.4110194593189378 0.0012479584015411154 0.9998551122934131 0.01697636652980823 0.057551319177310316 -0.9838373079264067 0.0042674102193429805 -0.17901380042371254 0.44313420842422724
58 -0.2050886425186776 -0.0010159799162793009 0.9787428755779812 1.4521701873615882 0.007153645224899972 0.999971194051153 0.0025370116096961742 0.05725537392443577 -0.9787172595136157 0.007521891565370009 -0.20507546678585534 0.43429382806967776
59 -0.23050363216206213 0.016479539650532418 0.9729319094021962 1.4947007054337043 0.007251957020009663 0.9998579082446027 -0.015217504398141308 0.05586423608787708 -0.9730444412664185 0.003547970354166935 -0.2305903884095981 0.4242351913841575
60 -0.25710793582205743 0.03151458330725119 0.965868697275303 1.535241244759281 0.006001482759392662 0.9995009204420511 -0.031014387631891335 0.054472972202378366 -0.9663640574555789 -0.002177400850285947 -0.25716875273548995 0.4137125017447301
61 -0.28209824535682554 0.04194064861763851 0.9584683416577369 1.5751941201909296 0.009887067841866862 0.9991180297728502 -0.040809416466155365 0.05200146138336638 -0.9593345745130272 -0.002035823260886696 -0.2822641131415042 0.4009248151875319
62 -0.3061449647342077 0.0466144678292396 0.9508429691368009 1.6166164805559515 0.013947525804946202 0.9989128915919558 -0.04448034999095236 0.050242420558695405 -0.9518827275940094 -0.0003555283308581303 -0.30646230846189704 0.3873586250640589
63 -0.32961381703384834 0.045842129538545134 0.9430022432527655 1.6562701223950342 0.017656845187951686 0.9989451069982626 -0.042389963697062986 0.04747575697624638 -0.9439507229926705 0.0026781268828900435 -0.3300755371093316 0.37326598892367807
64 -0.3511964837621829 0.04059038220238098 0.9354215363491175 1.695432182657817 0.019609136128989915 0.9991596019027904 -0.035994050976961574 0.04521184098742784 -0.9360964221560477 0.005701824104793064 -0.35169728123561655 0.35845830767315756
65 -0.3691937041096405 0.03938291055836526 0.9285176332206917 1.7357589675943825 0.029020248243725552 0.9991030236642188 -0.030837854933307693 0.04296249176736146 -0.9288992593589875 0.015560670325117367 -0.3700054479346989 0.3410482349584559
66 -0.38405972291808405 0.0389981021556904 0.9224842964844113 1.7748090571880977 0.030569997732766006 0.9990969204352782 -0.029509639363468683 0.040414777140721767 -0.9228020396979536 0.016866878934694324 -0.38490505832516564 0.3249882837203486
67 -0.3955011072433352 0.04293545850078803 0.9174614000450497 1.8130249361801833 0.033868292916443506 0.9989091580627799 -0.032147047659681766 0.03822316711385684 -0.9178408429048152 0.01835865849224769 -0.39652382873434394 0.307898505586369
68 -0.4064892022672195 0.045116230533198846 0.9125409876726824 1.8445624514976766 0.03375894738149698 0.998839703532984 -0.034345015909643804 0.03599195818125929 -0.9130316872441244 0.016845545067335297 -0.4075406307345707 0.2941733117779932
69 -0.417107648139134 0.045436198300634334 0.907720640807416 1.8848545602460398 0.028374603625037353 0.9989137396079704 -0.03696244975028044 0.03379960431354968 -0.9084140530248099 0.010338892900374937 -0.4179437947387569 0.2753660474324508
70 -0.42895275543370964 0.04428777953993734 0.9022406143536491 1.924760952496289 0.028116665186840226 0.9989680815841396 -0.03566826481446366 0.03181978996979538 -0.9028892438968354 0.010067996798047157 -0.4297553358550365 0.25733726971459414
71 -0.4381947071445522 0.04554827593349237 0.8977253216825212 1.960993224610932 0.02986412777363397 0.998901695396356 -0.036104526123541786 0.029746007891212855 -0.8983838447472325 0.010988971461055243 -0.4390736954127493 0.23948664791733207
72 -0.4456388121202678 0.04830394432841842 0.8939087079195247 1.9968860161315136 0.033481498867812313 0.9987439025329502 -0.03727742462694627 0.02726171197261791 -0.89458651809962 0.01331713616247999 -0.44669633479448717 0.22095988455923365
73 -0.44931261818776996 0.05114804668279971 0.891909215367677 2.036055229063354 0.034688548308521625 0.9986056841414388 -0.0397918611861299 0.025037819817770313 -0.8927008881778364 0.013060050571992936 -0.45046038596702204 0.2013630710739945
74 -0.4494127253107299 0.053655569803048545 0.8917114343541259 2.0735487014271117 0.03406759339756825 0.9984978783577353 -0.0429113737277079 0.023206712444303855 -0.8926744095183197 0.011093545159742275 -0.45056556886529664 0.18329774001443358
75 -0.44607285261208157 0.05347099780429308 0.8933979306872909 2.1119023490751117 0.035583147403209316 0.9984840270087901 -0.04199389752322455 0.021003895455332225 -0.8942890191562242 0.013057572596883846 -0.44729928461207646 0.16425054128688144
76 -0.43955878072564136 0.052516210277903055 0.8966772696712205 2.1517793015098436 0.03373550464143866 0.9985502057059946 -0.04194523108892356 0.01867483381195543 -0.897580076658108 0.011812465558163489 -0.4406931717690462 0.14451988573467625
77 -0.43243767696935087 0.05123094198729034 0.9002072239881468 2.1920748813482955 0.032173201028043656 0.9986254815509436 -0.04137671727862247 0.016190292701544744 -0.9010896407533268 0.011069696483682669 -0.4334915467997025 0.12596068960667556
78 -0.42447584652923975 0.050963900446261166 0.9040038365873174 2.235386290273276 0.030409645323919342 0.998653838920563 -0.042020988571136834 0.01399987501974551 -0.9049284552850348 0.009653541346353852 -0.4254542278023753 0.10552231001291833
79 -0.41799685187816155 0.04978946381268456 0.9070830398112356 2.2782051719499616 0.026049995881662943 0.9987432849600082 -0.042816450832093685 0.011977706032248778 -0.9080749030418754 0.005732367794997736 -0.4187685642750076 0.08665293607531567
80 -0.41358126706614273 0.047665865650135565 0.9092186210058542 2.3203709216430273 0.02274575452474411 0.9988578764694985 -0.042018725182279046 0.009263661702419278 -0.9101830399337618 0.0033027059613344933 -0.41419310224853945 0.06828917327093148
81 -0.4125900491242599 0.04528327604442515 0.9097905672594794 2.3642181484774234 0.01890118332329251 0.9989741625633731 -0.041150550418999926 0.006711493043729424 -0.9107207017700981 0.00021781067870818268 -0.4130227063078835 0.049715819780316334
82 -0.4122140312972803 0.04302943194190102 0.910070360130689 2.412894261013533 0.01587633810709823 0.9990716831579516 -0.04004639559618925 0.004017169487713627 -0.9109487001417553 -0.0020591014289473688 -0.41251451587956434 0.026531286111714673
83 -0.4134399597903976 0.04194604060070321 0.9095646922162486 2.458673741468299 0.014231104970917166 0.99911398636646 -0.039607043543137106 0.0015150091822892266 -0.9104201641548925 -0.0034310238771217234 -0.413670584856276 0.006540537438637861
84 -0.4133252034912451 0.04132446045274462 0.9096452963255571 2.508149101949358 0.01397384382334946 0.9991399084094996 -0.039040685345638815 -0.0013063559519141087 -0.910476253313463 -0.003425257909426065 -0.41354716751603116 -0.016400089302713715
85 -0.4142040966373775 0.04077160084196341 0.9092703904194824 2.5522874681779446 0.01369042607055212 0.9991622715882383 -0.03856588218410317 -0.003177550000220037 -0.9100810615339829 -0.0035258473329099886 -0.4144152866844612 -0.035918288786857204
86 -0.4138720342654161 0.03995117003253413 0.9094579942284511 2.5985291406693083 0.014168925099751095 0.999198220456769 -0.03744539754821392 -0.0056611434480281705 -0.9102247968576354 -0.002611560655563742 -0.4141062652706652 -0.057484973843368266
87 -0.41424498042515223 0.03991450050280758 0.9092897936533636 2.645986964153578 0.01371195657264939 0.9991982481857776 -0.03761439976156436 -0.008217640258214164 -0.910062128889844 -0.0031134341304048328 -0.4144601646580774 -0.07846442559463312
88 -0.41430275259122223 0.03848619275856071 0.9093250475832542 2.697334680513639 0.011752118590738906 0.999248466310302 -0.036937654028624596 -0.011175755137682403 -0.910063248848104 -0.0046168759415937104 -0.4144436844163199 -0.10164798764491711
89 -0.4152284046859082 0.03728827095599537 0.9089526702700798 2.742809266607852 0.010409876313912438 0.9992889420545903 -0.0362387191074214 -0.013693254719139625 -0.9096576314290585 -0.005585260650123356 -0.4153213195182081 -0.12038952866330613
90 -0.41365424593853695 0.03645214164834422 0.9097040211993511 2.790479097519338 0.010095379526813495 0.9993203673527922 -0.035452598016079855 -0.016921810199663156 -0.9103780797719317 -0.005481310347827744 -0.41374111121284624 -0.1438301830555778
91 -0.41192977130082187 0.0352844126181539 0.9105321925897207 2.839644058124487 0.010241549011062624 0.9993661703446276 -0.03409352203229435 -0.01922018698488778 -0.9111580401828799 -0.00471887665704461 -0.4120300450369962 -0.16601016749560807
92 -0.40975389185565314 0.03287256567157645 0.9116036104224872 2.887230784825866 0.0102500004152371 0.9994532963428345 -0.031433197752209194 -0.022110107389401116 -0.912138523252161 -0.003535937727073952 -0.4098668217162216 -0.18760585567864213
93 -0.4070261894940693 0.032565193783565594 0.9128357953212487 2.9317367300266017 0.011857446690406283 0.999468431710555 -0.030368651139419434 -0.022286010372243863 -0.9133395217682863 -0.0015369345732362937 -0.40719596732801205 -0.2085976262314172
94 -0.4048412887169408 0.03098223008677303 0.9138619328809231 2.983443262067013 0.01105453745350569 0.999518600446497 -0.028989042122238958 -0.02741425423373555 -0.9143201453274972 -0.001633640207071635 -0.40498889252420034 -0.2297302632047933
95 -0.4031591806170049 0.0308322342960703 0.9146103259927355 3.030622837200362 0.011277870675748326 0.9995237728138602 -0.028723461020008757 -0.03039797580325968 -0.9150603721707364 -0.0012652700340611265 -0.4033149072058888 -0.24962279231283807
96 -0.40164696639033004 0.03177266805991349 0.9152432528862476 3.077441462661706 0.01155732845838587 0.9994942480169418 -0.02962560277788554 -0.0324095891378558 -0.9157216512392563 -0.0013212665902947755 -0.4018110398013565 -0.27117875113612216
97 -0.4025403789697256 0.032882690829496755 0.9148114406492311 3.124058154804434 0.01018473016562753 0.9994536365683759 -0.03144359428725974 -0.03568272742433748 -0.9153455711207452 -0.0033402086851224283 -0.4026553469601226 -0.2916370917158887
98 -0.4055968614518191 0.035130711218704626 0.9133767125943719 3.1738247036162166 0.009160291851403466 0.999367183178948 -0.034370368606868096 -0.03786501958073246 -0.9140061679406933 -0.005573716376247924 -0.40566200050303713 -0.31262168003952456
99 -0.41037343231098683 0.036181260477351526 0.9111995184610067 3.2218836536859405 0.008129225944366283 0.9993180382631114 -0.036019079492848716 -0.039974939333284915 -0.9118813309520301 -0.007373926514195319 -0.4103876989736873 -0.3336351483651649
100 -0.4157564491106725 0.03501384424970591 0.9088017417092369 3.268236329837149 0.009482667084065387 0.9993712130818978 -0.034165150200002055 -0.04229455554633025 -0.9094265523107723 -0.005586517168438167 -0.41582705152270844 -0.35593578723675
101 -0.4215628032630502 0.03220173294136309 0.9062272625012844 3.3149986219032685 0.011082343963720653 0.9994775913530167 -0.030359941295096768 -0.04520461659179277 -0.906731484264922 -0.002755499726922432 -0.42169944589006314 -0.3775733489950692
102 -0.42766982581309215 0.029543351665831268 0.903452107453045 3.362376986540608 0.007805910729050644 0.9995492028214149 -0.028990669132740926 -0.04834781582360336 -0.9039013153252345 -0.005346167919453165 -0.42770764622799007 -0.3982284601225904
103 -0.43199001852835117 0.03342243958343472 0.901258877584108 3.408710118735212 0.01014524299100422 0.9994299471300742 -0.03220023018909284 -0.0503288356841996 -0.9018213226224628 -0.004766687725112881 -0.4320828401494358 -0.421459161755917
104 -0.4378625028925236 0.03510616732564266 0.8983562687355162 3.4538815489896337 0.01054776258043062 0.9993691428855282 -0.03391254860359784 -0.052746464720723876 -0.8989800738977709 -0.005373384775771954 -0.4379565657354731 -0.4430995017727799
105 -0.4432124895497067 0.03577236188659429 0.895702532782065 3.4986917012224716 0.008924843428823218 0.9993300083161507 -0.03549481157314546 -0.055665100564862985 -0.8963721527785892 -0.007737738939551209 -0.4432348035964471 -0.4641457927353028
106 -0.447258880730161 0.03617245782049722 0.8936727851418708 3.5433477918072804 0.007440169356465881 0.9992977437509774 -0.03672415028496634 -0.05801273029947345 -0.8943736006211 -0.009776125481500201 -0.44721391959846135 -0.48616138889237936
107 -0.4507421072392668 0.03518505155699966 0.8919605175726313 3.5866290557529363 0.008171515676867695 0.9993436493383483 -0.035291597564503896 -0.06066814509579694 -0.8926168153765913 -0.008618739701572887 -0.45073377755933536 -0.5082351399226109
108 -0.4530810734025428 0.02825495774503642 0.8910214353691083 3.6331575716304574 0.009274556931615817 0.9995929006717892 -0.026981762734867434 -0.0628701358326429 -0.8914210697073084 -0.00396109699258563 -0.4531586766161424 -0.5318698890887417
109 -0.45580402136556825 0.018668769535223034 0.8898843583022557 3.6780119061065273 0.007993808691626504 0.9998255546758434 -0.0168807357583615 -0.0650673878845983 -0.8900442647023675 -0.0005807419243316733 -0.45587374305748185 -0.5542157248837497
110 -0.45688206949794824 0.016865526042462928 0.8893673754993396 3.7222892702542483 0.010140611115777692 0.9998540235564438 -0.013751348449829906 -0.06756104464915552 -0.8894694725382488 0.002735984155852944 -0.4569864022191779 -0.5777605039330284
111 -0.45911944265071314 0.02172258913344908 0.8881089271600852 3.7647330329089113 0.009601229332001417 0.9997639479299452 -0.01949012095509195 -0.06888822702595795 -0.8883226630990637 -0.0004213559886350822 -0.45921963011582806 -0.5985383121536404
112 -0.45998158601941797 0.02879962128247991 0.8874612793452157 3.8080167514791734 0.011621755182526188 0.9995835181440285 -0.026414485822823627 -0.07052571937283031 -0.8878523950125597 -0.001836319360148257 -0.46012471418265427 -0.6211243089042858
113 -0.4603485715464623 0.03189982816011852 0.88716491907564 3.8504963189166266 0.01786513979000894 0.999484685964238 -0.026668320218040026 -0.07303271715386295 -0.8875584653730791 0.0035726021781599133 -0.46068124235555924 -0.6435502281430301
114 -0.4603662092325004 0.03285233022922281 0.8871210051596162 3.892801547989428 0.021141877813542913 0.9994373053042662 -0.026040233652258573 -0.07516003383848044 -0.8874773092307289 0.00676736024289311 -0.4608017235600666 -0.6656372276656091
115 -0.4594681343076336 0.029831337569215664 0.8876931479146914 3.9366975446231502 0.01880046057949869 0.9995385419310685 -0.023858874162714875 -0.07645923641643756 -0.8879952568780206 0.005726647635838056 -0.4598169519156441 -0.6887215519201894
116 -0.45929606909304166 0.025189157565834716 0.8879260257796276 3.9797755043626735 0.018489964857069923 0.9996523855229379 -0.018794395916964485 -0.0784043673335008 -0.8880907848386136 0.007785528846702985 -0.4596021577683385 -0.710055493623069
117 -0.4581180018694342 0.018204610673695686 0.8887049502019085 4.022673601182219 0.014657412263297052 0.999809037019393 -0.012924773115906283 -0.08008448095969216 -0.8887705309183589 0.007105043601067484 -0.4582973507740648 -0.7318576204518391
118 -0.45792964111284257 0.013018051484451783 0.888893117380156 4.06533012142636 0.005529405506104017 0.9999151432641639 -0.011795420541696213 -0.08136314260132466 -0.8889712422036006 -0.0004864221978542007 -0.457962764783812 -0.7530222505077868
119 -0.45690702680494977 0.008569998669240783 0.8894731721525222 4.109524453640563 -0.0020434273447740335 0.9999408363250453 -0.010684018637931718 -0.08234607984532451 -0.889512109676393 -0.006699176992605412 -0.45686248233650595 -0.7742975039021674
120 -0.4546133373371347 0.009022198384437252 0.8906432021025616 4.151833768166248 0.0016043575567300785 0.9999553682736781 -0.009310612089582995 -0.08388157441683729 -0.8906874533482677 -0.0028038182830532814 -0.4546075219912368 -0.7956321310691619
121 -0.45113736111754377 0.011994050649293691 0.8923739261951354 4.193099175501319 0.0054140990801714185 0.9999280687827296 -0.010702560048448322 -0.08546192492620538 -0.8924381036996621 3.0761555230092615e-06 -0.45116984723659026 -0.817111981208591
122 -0.44583308992625853 0.015689660779260095 0.8949785977728384 4.235657874001918 0.006869765496770598 0.9998768997797844 -0.014106438557845227 -0.08605196014163426 -0.8950897509461404 -0.00014082399877107842 -0.4458859920649866 -0.8377807240657955
123 -0.4375574381706489 0.018346054623721027 0.8990032873028231 4.280441428234533 0.011605456605497735 0.9998237865699539 -0.014754971565457235 -0.08682813543058097 -0.899115566364256 0.003977196080530491 -0.43769324901444423 -0.8595167012233218
124 -0.42846729502663766 0.01989329135296549 0.9033382722168383 4.320359810900109 0.01961362352609573 0.9997268064965631 -0.012712912504998102 -0.08928061289274197 -0.9033443877418694 0.01227066955504799 -0.4287404200724932 -0.8797899702585349
125 -0.4178216384548464 0.019025342797147408 0.9083298491023836 4.363595754096588 0.017231665903182786 0.9997668235699796 -0.013014153026393919 -0.09077326136410373 -0.9083656467134305 0.010214441749030703 -0.4180520506475803 -0.8994209024058777
126 -0.406903024891692 0.0173415674483023 0.9133067383811572 4.407287536697061 0.013997466233670328 0.9998207634654678 -0.012748014840213227 -0.0913354578426495 -0.9133641110055883 0.007596774431626886 -0.40707283100841624 -0.9180668032272572
127 -0.39460812182518906 0.013548141463894952 0.9187496275114734 4.448523543037902 0.0159935141078972 0.9998410861887583 -0.00787463493530217 -0.09312313658722755 -0.9187103121746688 0.01158664022735144 -0.39476209553624153 -0.9358663394256114
128 -0.38293446079327087 0.011983097016335424 0.9236977883067947 4.492189723872027 0.014122544548888498 0.9998749460366799 -0.007116601970816655 -0.09448002783301679 -0.9236675551693001 0.010319771026697486 -0.38305580514270376 -0.953564209352485
129 -0.3699463151890874 0.011844268159002011 0.9289776300803989 4.5362421964161905 0.015483947927448212 0.9998584534931138 -0.00658181851305627 -0.09522665630499225 -0.9289240933653281 0.011949321743780656 -0.3700773466118495 -0.9712646568534575
130 -0.3582902918942628 0.013037205041527231 0.9335192006697179 4.579524956791772 0.015552669614619322 0.9998470910547114 -0.007994309056464928 -0.09592321057243365 -0.9334806806796714 0.011654432381585868 -0.3584382694463311 -0.9873426773616376
131 -0.34550272039198177 0.016757316984579433 0.9382681186788872 4.622771322132077 0.01509594372379543 0.9998104227294092 -0.012297604837041693 -0.09760112055236198 -0.9382963192322711 0.009915186791904397 -0.3456901884434291 -1.0032071397785487
132 -0.3334176790148626 0.026027416986894526 0.9424198771701137 4.666938724474272 0.017406137577673435 0.9996184104163085 -0.02144900770197985 -0.09904470731722341 -0.9426185218289366 0.00925241167279107 -0.3337434871023974 -1.0189303869428452
133 -0.3203087104790817 0.03065567072752828 0.9468170677820893 4.709898382839439 0.01671411780947201 0.9995035602847308 -0.026707138446466248 -0.1004797026338517 -0.9471657554288367 0.007270682938554766 -0.3206620790061215 -1.0329983470201247
134 -0.3087552951428628 0.02796789264375924 0.9507302270898466 4.754023799159944 0.014066195379935621 0.9995925446062285 -0.024837208280691796 -0.10162794127192945 -0.9510374913055623 0.005704537554626594 -0.3090228929747934 -1.0465261175434244
135 -0.29667458519288903 0.024065905147987038 0.9546753493780152 4.798497761204357 0.012255252915300427 0.9996960414514986 -0.021392369718789654 -0.10365473592676208 -0.9548999943850714 0.005353215446015537 -0.29687934217082074 -1.0599119352279998
136 -0.2860966621472889 0.0244270547425023 0.9578893562958026 4.841795737402051 0.010007896576415943 0.9996966581752259 -0.022504080505575848 -0.10615756795040097 -0.9581484967969714 0.0031481152921189067 -0.2862543405012607 -1.0731505685895635
137 -0.2788808743802893 0.03003704580246766 0.9598558401053493 4.886587513487675 0.005623646592873176 0.9995446670684961 -0.0296451199007128 -0.10799283736967673 -0.9603092379561303 -0.0028695669341614366 -0.2789228084645044 -1.085747376883625
138 -0.27370962013321853 0.03492107893428579 0.9611782155732592 4.930487401791385 -0.0029982131411724925 0.9993048286042745 -0.03716006251530493 -0.11028528015929241 -0.9618077014478983 -0.013052883752131239 -0.2734146441968024 -1.0972592321293593
139 -0.27027857817939194 0.0373688366853055 0.9620566824372216 4.973014948838393 -0.0035193652299071523 0.9992014537576068 -0.03980036277552673 -0.11253553208118759 -0.9627757289450667 -0.014143014299362749 -0.2699312336518751 -1.10855240399719
140 -0.2667913186995639 0.037046166809420286 0.9630420415492129 5.017423729990244 -0.005955457060813323 0.9991784812228004 -0.04008609724698435 -0.11503768260416125 -0.9637359206741979 -0.01642997827224626 -0.26635151776595717 -1.1201650417351277
141 -0.26116919799288746 0.03700216557758169 0.9645835836060663 5.061618992514968 -0.004877340593403697 0.9992016971603788 -0.03965072433833388 -0.11791084978300763 -0.9652807164594599 -0.015060150543332401 -0.2607802337162928 -1.132158644852076
142 -0.25513224796563816 0.033450883216794736 0.9663273640231949 5.1045077987551855 -0.006663121344034626 0.9993168312584193 -0.0363520780367045 -0.12028206110348266 -0.9668832084910538 -0.0157133438722744 -0.2547350622949201 -1.1432687106722905
143 -0.24958621744201737 0.02940293363320632 0.9679060840581318 5.148046611406962 -0.006655374755114873 0.9994632181986292 -0.032077740801191794 -0.12269530853281929 -0.9683297093706539 -0.01444793970781751 -0.2492565565603927 -1.1541741427505319
144 -0.2437366819310779 0.02626157847695436 0.969485822164062 5.192728111281574 -0.008309730777718018 0.9995400748534046 -0.029164827043071724 -0.1252911831980714 -0.9698058456493394 -0.01516470434757004 -0.24340635465496865 -1.1651125196853644
145 -0.23801958727674943 0.025575331387974968 0.9709235698534674 5.2365137263973685 -0.015950468255582363 0.999415510698117 -0.030236063540904412 -0.12722070083748369 -0.9711293727588686 -0.02268346094442408 -0.2374725288629175 -1.1747805724830291
146 -0.23256039602775133 0.026452193764178247 0.9722221678425551 5.279733858810032 -0.024691096505858035 0.9991473040033922 -0.033091005667570644 -0.12887368350796535 -0.9722684875859926 -0.03170088875434184 -0.2317089590400661 -1.1835152647292346
147 -0.22437729209057375 0.030442097466018926 0.9740267498872763 5.324557262393611 -0.02179132181483424 0.9991052913870551 -0.036245758592556604 -0.13173066181535625 -0.9742586766807179 -0.0293580555258172 -0.2235131662521905 -1.194580998397144
148 -0.21724138420811567 0.033586549616321466 0.9755399144433877 5.3679747090797925 -0.01995681649811045 0.999046135456316 -0.038839988479152564 -0.13385404187146932 -0.9759138827082041 -0.02790632391896742 -0.2163638847468009 -1.2041917208521244
149 -0.21083611564078114 0.03186964151865769 0.9770017698504847 5.412040172615741 -0.021614524347566142 0.9990720466431472 -0.03725396560772119 -0.13589327666213788 -0.9772824283075675 -0.028971909942995703 -0.20995162241697313 -1.2132035615546686
150 -0.20314086729253225 0.02700879292726948 0.9787769475933983 5.457683606683719 -0.020491098456324925 0.9992833059956434 -0.03182749192868121 -0.13852782972953767 -0.9789350861623518 -0.026521679114055865 -0.20244183761584464 -1.2223732885124958
151 -0.19619262670742366 0.024627099153265965 0.9802560681847048 5.5025063095052555 -0.022361327230638463 0.9993122211449175 -0.029581340654129686 -0.14050934394452508 -0.9803103713978168 -0.02772346763495804 -0.1955069949443435 -1.2305987294246648
152 -0.1893476954851959 0.02808898003368068 0.9815082574360303 5.546722379995851 -0.024443224826046352 0.999146148118803 -0.033309209829451895 -0.14253869448575426 -0.9816058164938455 -0.030298249124769423 -0.1884994353451081 -1.2388550476409126
153 -0.18297374971122354 0.030929745354956878 0.9826311402397607 5.590516942493136 -0.023028494854083866 0.9990959015598904 -0.03573608695681851 -0.14474665226843506 -0.9828480530282239 -0.029167281986969315 -0.18209605794778377 -1.246530250764061
154 -0.17584929719090114 0.03165421401561054 0.9839080421525782 5.6347293349838985 -0.02500907928761435 0.9990166418605289 -0.036610042869374505 -0.1468139330572547 -0.9840993703029444 -0.03104448454662351 -0.17488473160508466 -1.2539890940192366
155 -0.16896800546467158 0.03160875365024872 0.9851145617754153 5.676532592241791 -0.02590133719756754 0.9989980483044318 -0.036496852128830456 -0.14873656476560013 -0.9852811445778654 -0.03168258475272655 -0.16797999869840946 -1.2612796682055911
156 -0.16064617210993853 0.030085763903767174 0.9865534218666271 5.718431768721096 -0.021816170791061712 0.9991828989064151 -0.03402336292884359 -0.1520497745952493 -0.9867709268510293 -0.0269885409627746 -0.15985855178332306 -1.268128239148775
157 -0.15267323110339248 0.03143016792854034 0.9877768113538777 5.765780052672669 -0.018561750096893096 0.9992266545898049 -0.03466344170170128 -0.1540910608608928 -0.9881023964841856 -0.02362704596961941 -0.15197176303826607 -1.275348935773869
158 -0.14513484979275035 0.03164511641617916 0.9889056891244191 5.8048340156431895 -0.016808413368704787 0.9992652920745512 -0.03444347971951291 -0.15631805117545838 -0.9892691002026005 -0.021620884860898252 -0.1444963138705247 -1.282508804651225
159 -0.13924898924409868 0.030478898323788292 0.9897882378324493 5.848426920468246 -0.02458393631678153 0.9991117586705245 -0.03422460754287898 -0.15862948965560714 -0.9899521953456486 -0.029098633013594197 -0.13837601124136664 -1.2860574611115263
160 -0.13380850613915432 0.02970824769230366 0.9905618121570507 5.891609191832985 -0.029060803107748077 0.9990030719968054 -0.03388704566170296 -0.16018132201632898 -0.9905810180936946 -0.03332089674661198 -0.1328117631554563 -1.2908773174316106
161 -0.12902606407667266 0.029519840863501692 0.9912017220446483 5.934671245301346 -0.02669031147381952 0.9990913135243693 -0.033229121468687305 -0.16234857573970835 -0.991281948822994 -0.030742905450588325 -0.12812092608993772 -1.2964878459772922
162 -0.12382095646695568 0.02929511039877094 0.9918720518526226 5.978318411549412 -0.023130273038251364 0.9992073256661836 -0.03239924079680043 -0.16515078227919186 -0.9920349596706679 -0.02695397636262483 -0.12304520287056649 -1.3018814038141486
163 -0.11927849896101546 0.029934136144776413 0.9924094856352759 6.024406296613801 -0.02370480089496633 0.9991746198415316 -0.03298729269068494 -0.16759718140073526 -0.9925778166472072 -0.02745954402019274 -0.11847046611736631 -1.3074036067664616
164 -0.11344851524023054 0.028915762727544987 0.993123010032328 6.067183412626204 -0.01658593069748706 0.9993819894372435 -0.03099267802812719 -0.16927453035244266 -0.9934054264461641 -0.019987942724085495 -0.112898808022819 -1.3119149596947937
165 -0.10679275555201699 0.0262586295781633 0.993934500726423 6.110874360610795 -0.009294988009254917 0.9995811556856559 -0.027406502805652273 -0.17184647716986387 -0.99423785411717 -0.012165425220896565 -0.10650395236647235 -1.3177344392416106
