1.0 0.0 0.0 0.0 0.0 1.0 0.0 0.0 0.0 0.0 1.0 0.0
0.9999387376788751 -0.0026496435544860557 0.010747105573715873 0.019957316897264345 0.0026382636764465126 0.9999959441981684 0.001072917511483206 -0.0048460425981976035 -0.010749904834554236 -0.0010444980838040796 0.9999416725838568 0.2728621437571387
0.999846502890697 -0.00468037935084441 0.016883859344839033 0.03563857808604329 0.004663087741731099 0.9999885623594406 0.001063373411230509 -0.00782061933320766 -0.016888643224280773 -0.000984479268941813 0.9998568920253599 0.5536561677358158
0.9998054895450263 -0.007403327940197405 0.01828042152249807 0.04947641967342671 0.007410891500178382 0.9999724790920353 -0.0003460429182481041 -0.009700462706516552 -0.018277356559494636 0.0004814498297633725 0.999832839250271 0.8448729195831328
0.9998262954750926 -0.008973977307931423 0.016335440239848252 0.05547888957235579 0.009006925757528055 0.9999575461288237 -0.0019445380992322986 -0.012163138148397791 -0.0163172964963958 0.0020913324216224436 0.9998646769257082 1.1425272181521593
0.9998857237552269 -0.011310020116285265 0.01003109542646879 0.04884890957421552 0.011340509771357863 0.9999312304064312 -0.00298785809671883 -0.01864320191497946 -0.009996612856934784 0.0031012743912169254 0.9999452234140321 1.4354684792698997
0.9999138800725489 -0.012903727677959827 -0.002392958477081173 0.043823701418338024 0.012892119519096957 0.9999053502884684 -0.004804551883374223 -0.024822351381006177 0.0024547286133692874 0.004773287809023828 0.99998559491171 1.7389033737696724
0.9997533462083714 -0.012148036712911637 -0.01859225508607925 0.022117259715291552 0.012057131357313396 0.9999148404772495 -0.0049937337522902815 -0.03071143089210201 0.018651335839466574 0.004768332767124326 0.9998146781649214 2.0404318075226366
0.999266851522007 -0.007707272390535184 -0.03750143199389908 -0.012656915909983992 0.007530467526777977 0.9999598665664844 -0.004853587865344591 -0.04010447856685494 0.03753733485642093 0.004567626148950493 0.9992847868767144 2.3531588576756093
0.9983680077143967 -0.004320574717914617 -0.056944304425399994 -0.053721351930724526 0.003991996076773296 0.9999747287807624 -0.005882666671086949 -0.04751662804257921 0.05696828187429149 0.005645744764600084 0.9983600254549179 2.6888595506975514
0.9970232845942791 -0.004103422042534964 -0.0769917651724917 -0.09420337045910822 0.003644513084779609 0.9999747531051908 -0.006100055457665401 -0.055141315489325785 0.07701485247152091 0.005801299833017221 0.9970130678276174 3.0366639301403495
0.995181239127479 -0.005436498256587646 -0.09790171487467605 -0.14345329421929112 0.004921046665083035 0.9999727349546259 -0.005505692243937261 -0.06049713099308258 0.09792897726626328 0.004997382722085915 0.9951808587274542 3.4116919940504786
0.9930262446387025 -0.006914545502538144 -0.11769055407826794 -0.20092629889174596 0.006431731263429246 0.9999692730759112 -0.004481711390560667 -0.0692999356455262 0.11771792680688607 0.003693503015647251 0.9930402044951465 3.79880084710565
0.9907884946346617 -0.005873186124051904 -0.13529103660011607 -0.2748480281859853 0.0054030933237291445 0.9999780240957521 -0.0038416022816290573 -0.07606319155137385 0.13531062590246473 0.003075225244985681 0.9907984545343095 4.198418126857144
0.9885700675273226 -0.004514361376200271 -0.15069453251658035 -0.35181710559301826 0.004114087230957592 0.999987132973256 -0.0029678568332971848 -0.084785447856767 0.15070599150425862 0.0023139639781022832 0.9885759200463193 4.606137099273373
0.9865089701691732 -0.0037646960129166826 -0.1636639203969174 -0.44121023019835226 0.0033350553585196267 0.9999902341539529 -0.002899828008106568 -0.09410544816340877 0.16367323905120776 0.0023148781072286468 0.9865118915440577 5.028572972676791
0.984438455634172 -0.005340179793622739 -0.17564853984129516 -0.5290786903571857 0.004822831534922663 0.9999826844293991 -0.0033721117059866607 -0.10578434905501809 0.17566350606939687 0.0024725131230574782 0.9844471643081021 5.457622178902982
0.9826617612254135 -0.00916684940240547 -0.185180538657287 -0.6165067660097261 0.008215783702024 0.999948828885882 -0.005902584850194285 -0.11092106107400976 0.18522517086921775 0.004278841173241542 0.9826867901802095 5.903321299200688
0.981186909303187 -0.00845278535729677 -0.19287508763903097 -0.7159623758017141 0.007081847822272842 0.9999445315126579 -0.007796238153889853 -0.11696398447829602 0.19293028907738302 0.006283654799039318 0.9811923456891029 6.3678243093447655
0.9797447135601464 -0.007938004320774064 -0.2000931891353404 -0.8264618976383458 0.006150737399121161 0.9999354594215386 -0.009552246902334107 -0.12186796654508923 0.20015610078235133 0.008128042743458668 0.9797303048496386 6.849596303668848
0.9780644229189976 -0.008506093154292937 -0.20812888074311148 -0.9365070583816038 0.006040905517273824 0.9999039079334716 -0.012477273736780385 -0.12949579210154633 0.2082150140615734 0.010946290632981083 0.9780218231924672 7.337479118437794
0.9763587348503246 -0.012428576723353008 -0.2157988678425043 -1.0506566132063386 0.009572353655993631 0.9998522756634275 -0.014275745029593655 -0.1403790235021974 0.21594441629030253 0.01187254527458812 0.9763334736357981 7.833115496594791
0.9745021574975907 -0.018911873774234936 -0.22357970852224002 -1.1649973025520328 0.015790089230963065 0.9997513930086226 -0.015742466750689056 -0.15214360957202402 0.22382184458765542 0.011810724265081438 0.9745585096225441 8.349688699131198
0.9724528088202438 -0.019294686984768446 -0.23229991319795953 -1.2880378745449643 0.015526861195489922 0.9997167446297583 -0.01803738030575273 -0.16824680604092906 0.23258213860706425 0.013933612634138838 0.9724769422664615 8.851872278636426
0.9704111355385769 -0.015226344734579018 -0.24097797917808728 -1.4286147619027123 0.010180414662844514 0.999702367649567 -0.02217059478547897 -0.17958183310300227 0.24124383345491637 0.01906133630869479 0.9702773202946174 9.35643213908851
0.9683182000803665 -0.012330469804967834 -0.2494149612743971 -1.588947076227927 0.006298957610387454 0.9996684467776847 -0.02496637038323474 -0.1984037337491483 0.24964011401644318 0.02260433656356947 0.9680748201675211 9.899686467278563
0.9661913369608748 -0.01468960840044464 -0.25740729551976604 -1.7423993824468484 0.008081844239603982 0.999610561181308 -0.02670973171854041 -0.2193534583942928 0.2576994066261026 0.023726385730474094 0.9659337836750114 10.431312675594294
0.963761410033183 -0.017468051876244905 -0.26619318491370103 -1.9011539572659761 0.010070943841924416 0.9995249450060733 -0.029128343597603062 -0.23951383310556237 0.26657554392889016 0.02539195688118766 0.9634794901318662 11.020729111854486
0.9615657206583085 -0.01679643276263828 -0.27406065879895664 -2.0742988316926776 0.008437263813127444 0.9994633530595476 -0.031651516082403394 -0.26304145572350573 0.2744452175466271 0.028122690792617522 0.961191415290611 11.60019146784771
0.9592907570174226 -0.016140460370139168 -0.281958736413646 -2.2713463150661273 0.006493741283343884 0.9993622056840498 -0.03511428732662804 -0.291508124055343 0.2823456654972496 0.03185384418483912 0.9587837387990908 12.227523287779336
0.9569086441683732 -0.01701776851031417 -0.28989005203831125 -2.462559777445821 0.005514712921556417 0.9991662821870599 -0.04045155722444178 -0.31951315758928217 0.2903367607748597 0.03710978436233324 0.9562047004942734 12.843844146306093
0.9550616556743239 -0.01846844908251003 -0.29583128679892096 -2.6432581134533293 0.004454376280125351 0.9988385575997026 -0.04797597715629648 -0.3498020375248391 0.29637373769039255 0.04450227230864964 0.9540346719940491 13.418724573144734
0.9538783817399445 -0.018754673197268923 -0.2996069009259424 -2.8554275066627564 0.0021093438767098844 0.998440613817387 -0.05578432887801048 -0.39188112850028733 0.30018591492205865 0.05257949137471692 0.9524304770266343 14.047904777591153
0.9526303711259625 -0.018919265895521595 -0.30354149203425995 -3.0710764175555827 -0.0006507541697025428 0.9979341377289498 -0.06424198996130756 -0.435195277073849 0.3041298284079031 0.061396401630329375 0.9506500561928277 14.6898887338874
0.9512810840094306 -0.018246337065627987 -0.30778461688253456 -3.292129736900025 -0.004559949368064109 0.9973056323882548 -0.07321668162669498 -0.48077877050847406 0.3082912682311997 0.07105312653466862 0.9486347806938381 15.341943616915186
0.9497827833760121 -0.017653603880361364 -0.31241161097588727 -3.518117206447628 -0.007826418531174948 0.9967546820063513 -0.08011773256522575 -0.5359771531822601 0.3128121026678611 0.07853950705507032 0.9465622717265133 16.00777090113403
0.9482028895035692 -0.015906530944216707 -0.3172668633979928 -3.727755528032504 -0.01225676020458429 0.9961699019085425 -0.08657539119642269 -0.5923251476402615 0.3174288143290824 0.08597969995787966 0.9443762168906973 16.594730364637407
0.9466253895523677 -0.01483339007859893 -0.3219943204368705 -3.9553981272120247 -0.01575418599721837 0.9956176494054358 -0.09218081045402683 -0.656454264482773 0.32195058235448293 0.09233345401950648 0.9422432572273663 17.226665454242053
0.9449967842575361 -0.012562093370340725 -0.32683829572598777 -4.17390174160786 -0.020493442656549905 0.9950247771370109 -0.09749723940464243 -0.7176881667133679 0.3264369717893423 0.09883261958279922 0.940037774110916 17.813096150854452
0.9433418320571478 -0.009759021623906012 -0.3316789854482879 -4.382952426485892 -0.025149614732680795 0.9945895020983578 -0.10079295210747537 -0.7754427500109845 0.33086807759265474 0.10342380679846519 0.9379924474202629 18.367765489359293
0.9414780301747736 -0.009042306065113859 -0.3369530462827865 -4.598998189231029 -0.027025513352338867 0.9943970071072141 -0.10219693676553747 -0.8384853159737993 0.3359891967404118 0.10532249976734079 0.9359585624996928 18.95358940180044
0.9392835406969609 -0.008324230530336594 -0.34304101411034704 -4.813656127067494 -0.028140896705560185 0.9944695884161899 -0.10118462159805935 -0.9053352171217298 0.34198614022849555 0.1046945313825573 0.9338546648115019 19.521514276768805
0.937246278832543 -0.007892616683484892 -0.34857871337251134 -5.043027598959268 -0.02876332416439104 0.9945859178409755 -0.09985751456670612 -0.9685524280069248 0.3474796166648653 0.10361736647065173 0.9319449325835325 20.084919462893257
0.9345835951910364 -0.008397090025662588 -0.3556444748325138 -5.252743402138684 -0.028380988269336407 0.9947748658246264 -0.0980687811102666 -1.028662393475653 0.3546096771164729 0.10174701569431165 0.9294619527945467 20.626296241619688
0.931467579737514 -0.007717450857056759 -0.3637424760049383 -5.49043499034562 -0.028888845664014205 0.9950494101154044 -0.09508998909027164 -1.0928252208970106 0.362675588500432 0.09908134224593523 0.9266333175127089 21.211738330452356
0.9282595062238183 -0.005754347604111649 -0.3718886615490726 -5.764816945874477 -0.0296655577403 0.9955492696338429 -0.08945169878476426 -1.1639717071957238 0.37074822155887177 0.0940666743069741 0.9239573675206877 21.86760702589218
0.9247300416476391 -0.0023605006150429204 -0.38061631351165004 -6.030939017385599 -0.03217831472892553 0.9959160055273849 -0.08435559255666318 -1.2295003486078 0.3792610000191929 0.09025374214527591 0.9208774923371815 22.495237229602665
0.9210845450990754 0.0012704201250321725 -0.3893605614495809 -6.289380516801213 -0.035344950383150414 0.9961388090320976 -0.08036297420159935 -1.2890917600522334 0.387755071226721 0.08778302326088001 0.917572964709151 23.086466390480368
0.9173573282084505 0.0024067742018848933 -0.39805745793816105 -6.580943152445379 -0.03673117670193524 0.9962272191907059 -0.07862663926205893 -1.3514047789385517 0.396366437832898 0.08674984254450226 0.9139847437338129 23.73322216318376
0.9134862987380117 0.002539865449306585 -0.4068615625755576 -6.868201078903446 -0.03757391082883351 0.996233927416069 -0.07814194194018462 -1.407186405797295 0.4051308223808102 0.0866689733910342 0.9101414757104482 24.349241834980667
0.9097616770092617 0.0028947430708868133 -0.4151208396453331 -7.191116817614846 -0.03818843502974155 0.9963191799683476 -0.07674460930371625 -1.47107531143502 0.41337069861719955 0.08567211967585743 0.9065235537121877 25.027108593344995
0.9058484815422124 0.0040060305558287145 -0.4235829083034993 -7.512947904247139 -0.03960495333981098 0.9963761066255161 -0.07527351338107507 -1.529883323684837 0.42174634101390374 0.08496237911549609 0.9027244418849079 25.696101223574473
0.9020298359307546 0.003208562226012816 -0.43166176599181766 -7.843108919857059 -0.038437406572411424 0.9965972921152482 -0.0729136689828687 -1.5903781056620525 0.4299589990530722 0.08236226367091931 0.8990838207065466 26.37301271574957
0.8983217398751262 0.0038143531370605182 -0.4393216388682319 -8.195175782087667 -0.037903342560026185 0.9969067940550392 -0.06884896941626967 -1.648011685453636 0.4377001122806578 0.07850028456668767 0.8956876224624565 27.05971222280006
0.8946361148173478 0.006276164615350262 -0.44675142061580386 -8.543308164080432 -0.03860010956298218 0.9972485234193137 -0.06328834078822164 -1.7033893770502821 0.44512498649957116 0.07386468909919909 0.8924168051409802 27.739746435003312
0.8909052207373964 0.006578469746384829 -0.4541416204210347 -8.911511220891544 -0.03749009564763468 0.9975480941151321 -0.05909562298174716 -1.761600163550664 0.452639349141431 0.06967441182432409 0.8889674324438183 28.437978021897504
0.8872724822237608 0.005660331655356455 -0.46121090938315196 -9.287424648702657 -0.036144178757086066 0.9977031350919244 -0.057289201161499444 -1.816821286044252 0.4598272943513232 0.06750122127264324 0.8854391252346158 29.15270092256954
0.8840281224603352 0.005065814115132024 -0.4674062646420154 -9.675871343957027 -0.035527718962519265 0.9977769969930705 -0.056381250933373483 -1.8677072725065533 0.466081602173451 0.06644848981611794 0.8822429021060948 29.876225072604473
0.8808988476730832 0.0052828192582867195 -0.47327509124072276 -10.082975298957878 -0.035262163147495855 0.9978912608146422 -0.054494141335790634 -1.9196124454150703 0.47198919481105667 0.0646925297886088 0.879227545389223 30.630476610542647
0.8779474446316843 0.004331836409193348 -0.47873742245412126 -10.495247439098964 -0.033903958337318026 0.9980110682081429 -0.0531453605040509 -1.9733412787140172 0.4775550293670387 0.0628899270739608 0.8763481334486178 31.378086329868662
0.8753541155198347 0.0030458914159033463 -0.4834727448243252 -10.918215020363647 -0.03264667371826902 0.9980702201960819 -0.05282073695888332 -2.0277821366968936 0.48237886265633323 0.06202062643370498 0.873764313049664 32.12830528867897
0.8732845549283393 0.0019402956065872157 -0.4872066516136329 -11.364843493812513 -0.032001114067663324 0.9980611036064243 -0.05338503691444694 -2.0763185833487325 0.48615842564131023 0.06221148383447901 0.8716534382752545 32.918080721974064
0.8718381845915516 0.0021398544328302127 -0.48978934340296865 -11.809730439477413 -0.03264736498744989 0.9980204279257967 -0.05375290691848314 -2.130382716576365 0.4887047467003789 0.06285416824537025 0.8701821786767983 33.69764102584364
0.8713216153628809 0.0023570740589443956 -0.490706721783283 -12.246949785388582 -0.03244256279749332 0.9980773207476608 -0.0528123274274502 -2.1830908625584353 0.4896387675833546 0.0619363060817668 0.8697228128940835 34.45783507047095
0.8710260947593429 0.0026026217492078185 -0.49122985313223116 -12.685375290189905 -0.03193359331265958 0.9981708246955944 -0.0513346894863769 -2.234372612979097 0.4901977028367474 0.06040058846196542 0.8695159464018021 35.226845024368046
0.8705665207081071 0.0013955805408950668 -0.4920487632106489 -13.126127774447784 -0.030257034125311312 0.9982554126120056 -0.050701509610449155 -2.2922828148557137 0.49111958310386566 0.059026973036000005 0.86908996746372 36.015440378267265
0.869979822563298 -0.0005230948602684116 -0.4930870457682839 -13.608274365359325 -0.028527386146564866 0.9982710607574894 -0.051391414591995886 -2.3514372751480113 0.49226141080971486 0.058775978306523105 0.8684607577788056 36.8472962287907
0.8690040016690131 -0.002605942795993066 -0.49479819537401265 -14.073512255382491 -0.02646822982807019 0.9983095985400038 -0.05174338868560664 -2.4069750437217743 0.4940966280931327 0.0580616441813819 0.867466061343006 37.650378965507784
0.8674313657512099 -0.002446466386894783 -0.49755084213897394 -14.524656027350355 -0.02571451134702995 0.998431115156739 -0.04974004617065279 -2.4622042536720286 0.4968919295150277 0.05594035295824516 0.8660075561412477 38.43012788802225
0.8653925112796713 -0.0015504571522414806 -0.5010922045928039 -15.009977383733155 -0.02467534228751158 0.9986501973452696 -0.04570460398310684 -2.5204397318765093 0.500486692034914 0.051917043683915476 0.8641861441096287 39.25817095809329
0.862524558793594 -0.0017911067443577347 -0.5060120328752467 -15.496458406414469 -0.022372710386714803 0.9988808613958118 -0.04167117189517939 -2.576594875416398 0.505520372792097 0.04726326981701289 0.8615192023503246 40.08759341292774
0.8586819722767156 -0.001892856889033396 -0.5125053049284082 -15.983464689993978 -0.02140111582759027 0.9989885291894472 -0.03954631195501393 -2.631297312075618 0.5120617762812376 0.04492589053882925 0.8577729312766829 40.89413064834581
0.853504775171624 -0.0052878254869042 -0.5210581902828595 -16.451478250575235 -0.01937138238230358 0.9989353353677095 -0.0418681895763967 -2.6780428791211714 0.5207248297362304 0.04582831717864589 0.8524936463345304 41.65177684790425
0.8475421169398885 -0.008889215428177078 -0.530653692969452 -16.949616353170086 -0.0177821237882294 0.9988227234430536 -0.04513272878284587 -2.728937131705921 0.530430161365872 0.0476880381529516 0.8463862563454667 42.438108799443135
0.8413427426098914 -0.009274766066509559 -0.5404223979185828 -17.416043989478343 -0.017542448572790574 0.998857445238524 -0.044452970537911224 -2.774460145647221 0.540217226637331 0.046880516272594465 0.8402187603465434 43.16765249842707
0.8356374004917888 -0.005868554369367798 -0.5492501205907312 -17.946988732221865 -0.018768228463150308 0.9990539790114042 -0.039228823865108516 -2.8262805066513477 0.5489607349343599 0.04308952414564985 0.8347367276029163 43.95116568665436
0.830508601003379 -0.0008849636126734595 -0.5570050991676903 -18.49375382634011 -0.022135748208418068 0.9991563311768792 -0.03459240553092061 -2.8782513538840564 0.5565657843513708 0.04105901494880818 0.8297883374576759 44.74972762135541
0.8263526358838243 -0.001394701031874011 -0.5631512904867408 -19.047899698572447 -0.023066281480531886 0.999073932240279 -0.036321131268315106 -2.9226032667641495 0.5626804313520329 0.04300386874434807 0.8255552067829905 45.55787554910143
0.8229686654367839 -0.003709593326596521 -0.5680746558565557 -19.590391809652314 -0.023300995968330993 0.9989167400941624 -0.0402791502708091 -2.9773055257741543 0.5676087026253877 0.04638518380912163 0.8219907392586095 46.33437655077134
0.8200566980780013 -0.005778668530370653 -0.5722531073986538 -20.12839796622779 -0.025985550646568732 0.9985416507793987 -0.047321483666008544 -3.0277156338821927 0.571692017693961 0.053676611748265234 0.8187106071477456 47.079972943718246
0.816918333241859 -0.006962779267347899 -0.5767113285849435 -20.64564397307758 -0.02593322062942271 0.9984723588035872 -0.048789514990315086 -3.077042900571363 0.5761700312243955 0.05481303138924965 0.8154898078509608 47.78998133028108
0.8137622847927727 -0.0051304284629042135 -0.5811752081366056 -21.174880026089657 -0.02571645911693576 0.9986638390570762 -0.04482410389815979 -3.129262802804456 0.580628631380959 0.051421933681778706 0.8125430309571905 48.50774803368658
0.8106603327194801 -0.0023660550267318907 -0.5855119356074189 -21.709577520949743 -0.025724507782126375 0.9988823238513629 -0.03965290401310162 -3.176473232437257 0.5849513438351106 0.047207042704617466 0.8096934114000061 49.22821260751342
0.8076596204620158 -0.0006098594660802342 -0.5896486797632792 -22.270222062839807 -0.025883295902838447 0.9989988986742471 -0.03648637335843862 -3.2265173940248113 0.589080633248413 0.0447306217157448 0.8068352861721956 49.98348134509726
0.8046900689170894 -0.0001564055065418427 -0.5936950972709153 -22.856983871999866 -0.026858008103850743 0.9989665800967548 -0.03666632311115236 -3.276914698233234 0.5930872957557735 0.04545049380496998 0.8038542854435656 50.75685423570085
0.8013068703620617 -0.0011066112292855413 -0.5982525176897625 -23.432723548225415 -0.02717184454930618 0.998899013693608 -0.0382420096978335 -3.326473561955535 0.5976361688973815 0.04689920951922561 0.8003945738022777 51.50611852300785
0.7973565322203973 -0.003687621179426388 -0.6034972758641866 -23.99453668735315 -0.026275404958151977 0.9988210122430595 -0.04081897348094577 -3.373860501260905 0.6029362848757247 0.04840441045803834 0.7963195648911724 52.24205799328909
0.793120900910755 -0.004706121664746899 -0.6090460483061879 -24.562048780738003 -0.025580872120668757 0.9988303827584305 -0.04103029929450014 -3.4256831574027644 0.6085267911275983 0.04812191701841312 0.7920728663339117 52.982247854395425
0.78877248668949 -0.004783864235162999 -0.6146666404520851 -25.13234684853262 -0.025383586423130284 0.9988632277471694 -0.04034756243948622 -3.4690203172302727 0.6141609217314075 0.04742749094658529 0.7877544003815765 53.69257508293887
0.7836437074871198 -0.0043053280922875775 -0.6211956244741702 -25.725561857857173 -0.02575854512216859 0.9988907577409489 -0.039417654076630594 -3.5209784299271245 0.6206762739697925 0.04689049210376871 0.7826635577828056 54.4417411041622
0.7781380247669636 -0.005843517403076009 -0.6280661332344889 -26.344073029456673 -0.025187273940234872 0.9988620691137505 -0.040498989089357534 -3.5739769029812973 0.6275880939304228 0.047333077125414715 0.7771053752012115 55.21332259016593
0.7727966161469957 -0.007124208284905262 -0.6346137689398655 -26.94100454983786 -0.024495858590726463 0.9988570639408195 -0.04104288887775639 -3.6257953447866753 0.634180844068669 0.04726321478530826 0.771738845429272 55.924634556555816
0.7674744733662392 -0.008145945523624095 -0.6410277500254843 -27.56537158954253 -0.02441794079360304 0.9988222435339682 -0.041927198680248544 -3.6743871856936097 0.6406143121243915 0.04783063237402626 0.7663716681272155 56.650988733822736
0.7619936639735639 -0.009409451444296515 -0.6475161143073244 -28.198157208747688 -0.02416851416508577 0.9987846225898803 -0.04295533262639338 -3.725553499197241 0.6471333239659272 0.04838119367594823 0.7608401416272005 57.36475743188031
0.7560352286323485 -0.011406128834666835 -0.6544315344570697 -28.84566921102784 -0.023324777195325514 0.9987435836635319 -0.044353228289665904 -3.7757086328339184 0.6541151946221824 0.04879707282136855 0.7548192882064211 58.10735587538647
0.7498205238161831 -0.012573402911228344 -0.6615217997944224 -29.48916059081085 -0.022325235404827184 0.9987692963052138 -0.04428856084936648 -3.8278940310722573 0.6612645203911504 0.04797710180097437 0.7486170127472648 58.832802637849035
0.7437266117709569 -0.012398764042410722 -0.6683689083088085 -30.134536467638807 -0.021639962711444267 0.9988574217940724 -0.04260942314496552 -3.8815222832888674 0.6681335487442119 0.046153240158413406 0.7426085371616349 59.53607505298737
0.7375065332207507 -0.012591574539784555 -0.675222604558907 -30.800441174289457 -0.021063232214020816 0.9989108873444899 -0.041633873148473804 -3.93862176503434 0.6750114470921234 0.044927623966265484 0.7364380862634288 60.248814579523525
0.7311785402348668 -0.014357196308130255 -0.6820350527752765 -31.494215675140968 -0.019913254395794444 0.9989032871113356 -0.042375527106317826 -3.9949786340415336 0.6818954499037018 0.04456561356404557 0.7300907488033842 60.9827806187592
0.7250636991963878 -0.01586833507619777 -0.6884989673554744 -32.15982215741587 -0.020057121514679872 0.9988238651075616 -0.044142931123097175 -4.04417548954455 0.6883896745188653 0.045815744384466645 0.7238926533556655 61.66490738290139
0.7192862504027389 -0.014914021622156359 -0.69455371422275 -32.88401440368738 -0.02148260057031192 0.9988139223614698 -0.04369492384284827 -4.103988148562147 0.6943815866325224 0.04634997794983155 0.7181127290960305 62.39029270877759
0.7137688963751266 -0.014369299723988241 -0.700233879352371 -33.58526791650177 -0.021866587366047675 0.9988449268610857 -0.04278626462820842 -4.155588994525264 0.7000398666678853 0.04585123018321764 0.7126302335477304 63.10275667404901
0.709205888749094 -0.013604907919508961 -0.7048701397024169 -34.308616315083995 -0.023133701621434223 0.9988262783046189 -0.042554642724787345 -4.212594837817812 0.7046217703228395 0.04648625870776959 0.7080587465305827 63.79646489574468
0.7040696986959017 -0.014751045178705765 -0.7099776517922181 -35.03245708351085 -0.022947547762127846 0.9987894898736587 -0.04350821726551454 -4.266784622047144 0.7097600083337743 0.04692506349547432 0.7028789148822032 64.52417117489017
0.6989741877429729 -0.016228769828409394 -0.7149627346225134 -35.77907936532743 -0.023890034257365984 0.9986546232828811 -0.04602401176461898 -4.328587765601521 0.7147477534992513 0.04925008046272192 0.6976460982777634 65.23599032412928
0.6939330394498483 -0.01847932576066923 -0.7198023695982956 -36.54557847286529 -0.023729931312595254 0.9985406537958275 -0.048512401269170724 -4.389090663703451 0.7196484052089527 0.050745218852940185 0.6924818377717762 65.96992364053878
0.6887436511422185 -0.019156009808378505 -0.7247518404940432 -37.28189750758715 -0.024121147192456144 0.9984920129874362 -0.049313996577207884 -4.443335732564702 0.7246035835333697 0.05144654787756422 0.6872429697291048 66.66215563055192
0.6839797955064375 -0.018499158391994307 -0.7292663577032437 -38.032467487042865 -0.023951129109671725 0.9985700005275338 -0.04779432456696379 -4.506306166646942 0.7291076619768432 0.0501571050323733 0.6825586290286215 67.35092244850188
0.6786109564009813 -0.018370114185724526 -0.7342681449970061 -38.863860990530476 -0.023367779452659092 0.9986411656629385 -0.04658078065918397 -4.576768262087329 0.7341260904885428 0.04876844418443891 0.6772595677551079 68.12415411045228
0.6735763101859513 -0.019465961833753626 -0.7388613067999714 -39.64962292476748 -0.022905153096640287 0.9986232387034572 -0.04719090042621759 -4.633835982214398 0.7387626874158528 0.04871040393288399 0.6722030855558462 68.82295391273564
0.6689502348444962 -0.02043779051427776 -0.7430261637522487 -40.471674052066085 -0.021841368963688993 0.9986498102421149 -0.04713290894035822 -4.700636960351692 0.7429862299553602 0.047758279096746306 0.667600635765452 69.55636423332218
0.6647516207211929 -0.020946114327615253 -0.7467707432961722 -41.27200517161934 -0.021033534112273735 0.9986858307613786 -0.04673544564035725 -4.759118617739315 0.7467682861445639 0.046774691137724776 0.6634374537796905 70.24987486760341
0.6606705203886436 -0.021867374781202167 -0.750357435766164 -42.101683804816965 -0.019778024303889398 0.9987215704727945 -0.0465193983945391 -4.822557108465911 0.7504154137836109 0.04557458274667609 0.6593934062177421 70.97345251686143
0.6566446225520669 -0.024871812212559304 -0.7537899127944818 -42.933247381622145 -0.01668313151352995 0.9987325285757263 -0.04748694017978917 -4.890149797320678 0.7540155918788087 0.043757620159234865 0.6553974045429595 71.69736717665143
0.652565469469226 -0.029860579581944744 -0.7571437471467588 -43.733871843103685 -0.013432111488940185 0.9986103378900014 -0.05096048901026346 -4.948205845531985 0.757613282907152 0.04342509466019511 0.6512575333279447 72.37941850330861
0.6476431541634611 -0.034171121237009536 -0.7611771668531613 -44.61904441740338 -0.008937516926227119 0.9985844302096698 -0.0524333532593687 -5.017530261432286 0.7618913739217635 0.04076113610087396 0.6464209651050716 73.13829752951051
0.6410310416083113 -0.0376310598540767 -0.7665918777477485 -45.45884819757305 -0.00411473116132379 0.9986144680026328 -0.052461540992312296 -5.085963373355653 0.7675039235613259 0.03678379575406724 0.6399880308942446 73.8404583485081
0.6323734283308642 -0.041515038712480905 -0.7735504823227553 -46.322445614867526 0.0012929699149704153 0.9986181405334974 -0.05253701196507075 -5.162250337342411 0.774662620351508 0.03222283286925892 0.6315532548186372 74.56395305778308
0.6230315018348394 -0.04247187329881291 -0.7810428206570436 -47.2329145969291 0.004603222335676775 0.9987065598382672 -0.050636130185281285 -5.243551732474911 0.7821831998103442 0.027952590479273436 0.6224211553441515 75.3037917276328
0.6144047496128288 -0.041021275399411694 -0.7879238913865977 -48.148421534822674 0.004884502531082519 0.9988261209878487 -0.048192547840824405 -5.311904001748145 0.7889758838445039 0.025761114047569405 0.6138838812958121 75.99853813266529
0.6046580379586982 -0.040728344793973276 -0.79544318405671 -49.03795001632094 0.004245158752117093 0.998842355493102 -0.04791583767565887 -5.380555514764455 0.7964738763820833 0.025595913801502654 0.604130957191868 76.70153946141998
0.595601342212038 -0.04227228782662725 -0.802167124006661 -50.04321799910895 0.003299944907387373 0.998734700779787 -0.050180751508091925 -5.443932882378919 0.8032733977412811 0.027240615635690114 0.5949872245191193 77.42491894636971
0.5859795927968267 -0.04457006437273622 -0.8090991448441108 -50.944882963200236 0.003506523180460815 0.9986163307446014 -0.052470260770964124 -5.506869841927747 0.8103182221330368 0.027909377133827146 0.5853250768138633 78.06872848774258
0.5757679028168234 -0.04624480280065576 -0.8163043184375797 -51.86401222022557 0.004283274650619566 0.9985560643997032 -0.05354848092002487 -5.581084202501222 0.8176019665119327 0.02733504096399565 0.5751346102360001 78.7181771273581
0.5652761182302115 -0.0471781690680819 -0.823551534830677 -52.85031325473929 0.00755392787928254 0.9986173635807657 -0.05202210423073683 -5.6576723969105345 0.8248671701141794 0.023185804242735905 0.564850927368843 79.40459839333725
0.5549590916027134 -0.04724401847919849 -0.8305350139310351 -53.82831597841113 0.008612483320891292 0.9986588225591225 -0.05105273015101817 -5.7325482586608425 0.8318330552331608 0.021179207793550855 0.5546216813096131 80.06064939299331
0.5445841722292024 -0.04773387665232447 -0.8373467360521395 -54.824861410985285 0.009018609766013898 0.9986546617759917 -0.051063991138241616 -5.810880313717192 0.8386577037357484 0.02025693789343967 0.5442820155322622 80.70444894994536
0.534046650077905 -0.0487875624849063 -0.8440461772245317 -55.905488817501194 0.008548233596787053 0.998594198223985 -0.052312092060722924 -5.8913964345354515 0.8454117950696797 0.02072199363420634 0.5337129338294929 81.39296059761942
0.523892949051012 -0.04914137594159522 -0.8503653938779476 -57.001831305109334 0.006830438540761042 0.9985446840781762 -0.053496345749540056 -5.971381888718673 0.8517567276188491 0.022217989778106243 0.5234661764491078 82.0651894424103
0.5139754470154874 -0.050137170802816614 -0.8563384284084861 -58.020733983376424 0.0061169175246347995 0.9984792785918111 -0.054787895951310055 -6.052147274585418 0.8577830863249889 0.02292148177286368 0.5135005184886499 82.67063994454095
0.5043504306184905 -0.050118228137911634 -0.8620433900583288 -59.036517759445324 0.005119756524291164 0.9984702224500377 -0.05505454544088073 -6.1247845126312805 0.8634838917015601 0.023353331430141473 0.5038354797779147 83.26470380218838
0.49554188771137114 -0.047974379203650726 -0.8672581486866938 -60.06477517949448 0.004418257874539186 0.9985998077710245 -0.05271530059693221 -6.201354111594699 0.8685728043870599 0.022290869424384286 0.4950599969897615 83.8426158635781
0.48735113553277803 -0.046408393589023975 -0.8719719787352083 -61.1879134049 0.005165488276078575 0.9987224408804154 -0.05026732350874573 -6.285776531884989 0.8731908087158144 0.019993676158956298 0.486968237658137 84.4712372203298
0.47933647553614284 -0.04677841524131817 -0.876383662038548 -62.27129289899473 0.0056424837958221116 0.9987221257534773 -0.05022228496461409 -6.368341600787076 0.8776130728271992 0.019128392456335564 0.47898789024863286 85.06428297274513
0.471291990511918 -0.050129541287499954 -0.8805514685523018 -63.29570932954529 0.007465945875715417 0.9985744148770114 -0.05285260263425083 -6.43723470942749 0.8819456442046134 0.018334858694239297 0.47099438810369065 85.62250610014028
0.4637974802160234 -0.0539864188455151 -0.8842948399292513 -64.33809233639244 0.010445403944229928 0.998405467332323 -0.05547446563389436 -6.509388434813325 0.8858796706560688 0.016492100568472404 0.46362184993497974 86.18548733633382
0.4576892709612025 -0.05671658327605411 -0.8873013921033198 -65.37835887671639 0.011647140515090493 0.9982601659716445 -0.05780125562723624 -6.58949630686696 0.8890359246761743 0.016120490555610014 0.4575535536081262 86.71721779117094
0.4519614939809441 -0.060592820561824974 -0.889977144681183 -66.3770665760076 0.014049882329663189 0.998050119035276 -0.0608157931806591 -6.665716603632132 0.891926795631251 0.014982322584707925 0.4519315448659616 87.22491178592976
0.44704249530975093 -0.06155872557831757 -0.8923920274702148 -67.3697754466613 0.016911684601641764 0.9980325457499474 -0.06037410494418885 -6.746023091483375 0.8943528399413521 0.011897938016748532 0.44720402140386245 87.73018057266586
0.44232632110575415 -0.059100653683004156 -0.8949047649841223 -68.3897189634021 0.01877673550084252 0.998217927329518 -0.05664277325387441 -6.828105300741927 0.8966576045854832 0.008251199440064272 0.44264778079961287 88.24565075488545
0.43848164044405863 -0.0570031296561252 -0.8969305960902941 -69.4741172446976 0.021408678027238663 0.998365864891099 -0.05298366092835722 -6.911629973315726 0.8984851248065319 0.0040302642161226445 0.4389854638501569 88.78391238849838
0.43436802466615876 -0.05627949079944036 -0.898975549201963 -70.52684290145831 0.02313139464925283 0.9984139255634269 -0.051328080254435436 -6.997312444217556 0.9004384252847029 0.0015007186214068807 0.43498090775851533 89.30515076994449
0.4317159514389578 -0.056368618888905174 -0.9002465862627355 -71.60767263843837 0.024690947991730508 0.9984099637058176 -0.050674465564180406 -7.075713548384566 0.901671611153651 -0.0003509665264441332 0.4324213020447474 89.81361364649165
0.42921144665696975 -0.055487322564067666 -0.9014980261172503 -72.7144896785758 0.026219654327509702 0.9984559601506053 -0.04897167923071784 -7.15431575067973 0.9028233846027544 -0.002617761333887973 0.43000358549670736 90.3507825668751
0.4273074717032509 -0.05433931851661777 -0.9024719181723723 -73.83612704247076 0.027414378029128883 0.998511947294328 -0.04714173297368734 -7.237844609345915 0.9036906420362261 -0.004596691596753239 0.4281612942834924 90.86361121872824
0.4249982368996996 -0.055331510559191166 -0.9035014790089615 -74.93318230430597 0.029821312202993704 0.9984440692125567 -0.047118255408709876 -7.3185358029544085 0.9047028174879495 -0.006918424206900297 0.4259870273093505 91.38228462558946
0.4232439813079621 -0.05535690844881454 -0.9043230313187711 -76.01701200426889 0.03151271012116967 0.9984272097814348 -0.04636869492314243 -7.39594667465268 0.9054675485004421 -0.008872398494519759 0.42432275352324933 91.88147624005651
0.42124635899004126 -0.05462315154578306 -0.9052998488638093 -77.1433438157233 0.034744179937687907 0.9984238708049966 -0.04407511959395954 -7.468873038896843 0.9062805012787639 -0.012887417195478196 0.4224802569114217 92.39800231209053
0.41921223501613597 -0.053904870665055345 -0.9062865810169298 -78.26862051996665 0.036271905331044546 0.9984332389584617 -0.042607701493606355 -7.543129758611879 0.9071634091476731 -0.015011071297405372 0.4205106619838248 92.91997130342062
0.41690589521720534 -0.0550678599552513 -0.9072800038208084 -79.21724340291885 0.038514968342012755 0.9983368597711811 -0.04289652242114828 -7.606593684866119 0.9081332896369073 -0.017060047542804154 0.4183334591340801 93.38110664165858
0.41534365689736946 -0.056611184946584424 -0.9079013274657444 -80.31099498826309 0.04016962110344338 0.9982294838543345 -0.04386683376209823 -7.674743000469073 0.908777226945924 -0.01825024117235263 0.4168823340963575 93.88753818916442
0.4147090784014941 -0.05759084650802062 -0.908129767538687 -81.36149497539337 0.0402038961586565 0.9981802780474051 -0.04494195423950765 -7.752088069739429 0.9090654690532713 -0.017872518448481246 0.4162697996002874 94.36734436343048
0.4151010093556686 -0.05812679467120273 -0.9079165312809067 -82.41279051918328 0.0395865860313139 0.9981656882858907 -0.045805686711773194 -7.830836689958308 0.9089136670984144 -0.016927329086516382 0.41664062606964825 94.84627646324154
0.4169251854333632 -0.05783958300108002 -0.9070986563707464 -83.5047936469344 0.0372499353855603 0.998222170770741 -0.0465289167670858 -7.907151881287223 0.9081772030089302 -0.014390289087007237 0.4183384843818069 95.3524497809007
0.4215223905448764 -0.057838030193577854 -0.9049716219488078 -84.52995184469455 0.03529634706695119 0.998254106754668 -0.04735933098309229 -7.984694183793627 0.9061308085221792 -0.011979174043446957 0.42282792863785273 95.81975582940693
0.42680760655798744 -0.05808043111659039 -0.9024754459294443 -85.59250599091965 0.033651492602490035 0.9982643732073002 -0.04833030344057985 -8.062308514403398 0.9037161302255602 -0.00974190465692831 0.42802132103879026 96.31080958435838
0.43282998340756756 -0.058161985195891976 -0.8995973482294585 -86.5498174698802 0.032764552458033266 0.9982721325306741 -0.04877738733147466 -8.127801355368506 0.900879952915827 -0.008362588757825145 0.4339877619745064 96.76073880747649
0.4393722806546528 -0.0568501585783746 -0.8965043549598285 -87.5322019914543 0.03143826413546222 0.9983572043463028 -0.0479012325309396 -8.19729816188444 0.897754774167462 -0.007138066926531565 0.4404377520831716 97.24081021913334
0.44789460362283756 -0.05570088003545975 -0.8923496153463686 -88.50038770404471 0.030077768438522022 0.9984313003189605 -0.0472256962801825 -8.263215474875597 0.8935802996324912 -0.005687750580367532 0.4488673496725269 97.7047830481844
0.45671268969970535 -0.055146919391756456 -0.8879033372776876 -89.47299898701833 0.02996088117856638 0.9984640868823872 -0.04660271242239016 -8.333323528738394 0.8891095909201842 -0.005318316248497639 0.45766346898787913 98.19817271423001
0.466408563874811 -0.05446874346197365 -0.8828908242415395 -90.46708357740114 0.02899928868574304 0.9985073963222348 -0.0462819699830449 -8.40341913271426 0.8840939389001317 -0.004016898737085073 0.4672919555530372 98.7085376150279
0.47617282285582585 -0.05527598838322439 -0.8776126753196803 -91.44662724395745 0.02823577278663262 0.998468842943009 -0.0475679598804766 -8.472745183629078 0.8788982784763248 -0.0021295023612170083 0.4770044877263115 99.2345089893973
0.48667881803429625 -0.05631837661800789 -0.8717637114102925 -92.39052241556774 0.02590988610276484 0.9984113025635623 -0.050035474570272 -8.545044235248632 0.8731966593379032 0.0017639071524804205 0.48736483536738523 99.752550075767
0.49789532362464756 -0.057038890212606705 -0.8653593540928628 -93.25689222539869 0.02450838016832731 0.9983616582486728 -0.05170433870077216 -8.614914591603105 0.8668907578318182 0.004534792417892976 0.49847753173387627 100.2479674696077
0.5100562365433432 -0.05500262342870513 -0.8583806538938283 -94.127375536188 0.021735718318328285 0.9984588810595041 -0.05106291592328137 -8.681832222803305 0.8598663815456562 0.007387438619819635 0.5104657007461071 100.7598115217762
0.5234789259008503 -0.05222267939126019 -0.8504367148088592 -95.04089348266284 0.019929398672872783 0.9985973080532586 -0.04905339353521917 -8.750347092884565 0.8518055137214263 0.008729725424134482 0.5237854128245578 101.2949426178342
0.5354927380572941 -0.0498139880115459 -0.8430694479616034 -96.00939133169508 0.019072201717460272 0.9987176581896898 -0.046896592005691726 -8.824737178215933 0.8443244510314406 0.009033593885332456 0.5357561157578767 101.91621949678576
0.5475855792317846 -0.049006991602967474 -0.8353133233651986 -96.9550325630675 0.01876139993758535 0.9987515286478048 -0.046296802222759566 -8.897812493069983 0.8365393256086446 0.00967981392888155 0.5478213740924431 102.52031014515735
