1.0 0.0 0.0 0.0 0.0 1.0 0.0 0.0 0.0 0.0 1.0 0.0
0.9998638897961023 0.0009931758194317887 0.016468621180878072 0.010872245538873908 -0.0009803897708048628 0.9999992117416471 -0.0007844437404625526 -0.003583908983165465 -0.016469387289904595 0.0007681913019200924 0.9998640753444534 0.11077665527334461
0.9992754905929647 0.0038519963311221886 0.03786365043750733 0.02388228771899395 -0.003839245977333919 0.9999925462433799 -0.00040944841800624195 -0.004599588593114212 -0.03786494540487612 0.0002637839011463134 0.9992828309980809 0.2327272308231015
0.9978792273735035 0.005404110874712834 0.06486789006983465 0.04783423478381871 -0.005476819682453867 0.9999845573811882 0.0009431040848823983 -0.004154132130123596 -0.06486179170069421 -0.0012963737126489901 0.9978934148457806 0.36446835543717276
0.9951303517596152 0.005082219346436299 0.09843654836135707 0.08452488975477725 -0.005413402529097565 0.9999805496707276 0.0030976367261629973 -0.004207150050652699 -0.0984188908687812 -0.0036154289847851353 0.9951385082456689 0.5020743498926344
0.9906718725186431 0.0019135538680549466 0.1362555661688661 0.13468903624627715 -0.00263943202607393 0.9999832714419207 0.005146866512076493 -0.004068941282123528 -0.13624343800339145 -0.005458493190199303 0.99066035070205 0.6529142273028342
0.9844268207582741 -0.0009832196430893951 0.17579211544005435 0.19338251201773207 3.652968205747158e-06 0.999984473281207 0.005572538305175751 -0.0033201581245030764 -0.17579486499443567 -0.005485114004309452 0.9844115394315268 0.8133884603109369
0.9755582894913882 -0.0007657965902790877 0.21973947610800007 0.2557663040429984 -0.0007249002840986025 0.9999772704340565 0.006703218244399558 -0.0012944946488343896 -0.2197396148267632 -0.006698669333252259 0.9755355603487503 0.9797904737647379
0.9634206240635994 -0.00044978810961040193 0.2679934678673349 0.3354338111912992 -0.00221660749917034 0.9999510113160754 0.00964684503622835 0.0012992515022300986 -0.26798467825623656 -0.009888005795651435 0.9633724303514645 1.1703832397527056
0.9489183415547978 -0.004369105280020346 0.31549150857026814 0.43290404798352966 -0.0009837633032370337 0.9998582934020076 0.01680551471953168 -0.0008003686782826471 -0.31552022640498817 -0.016257430125247208 0.9487795753994015 1.3537771861120527
0.931936084349105 -0.013540698998153454 0.3623696788622062 0.5549161033115022 0.004982221804717254 0.9996863803763713 0.024542175043747342 -0.0016917044746028063 -0.3625883508249346 -0.021066332396284578 0.9317112736708857 1.5456532919328179
0.9105373145418156 -0.01870736492830834 0.4130034301605941 0.695435707935157 0.007462923281539427 0.9995566851599992 0.028822524664710057 -0.0012719172226902786 -0.41335953309809087 -0.02316177129221926 0.9102732714671654 1.7507311156574805
0.8851556465330207 -0.01989056810149889 0.4648697093931893 0.8328077785649861 0.005269659775572982 0.999450339213484 0.03272995771308977 0.002641084988201416 -0.4652652061959484 -0.026521401672056938 0.8847739277107975 1.9450962786724388
0.8569769959805416 -0.02196031730350861 0.5148865630642291 0.9916997847446415 0.0031528521602460675 0.9992964052255346 0.03737317255169709 0.0064490571468440545 -0.5153450182968891 -0.03040458793097717 0.8564432690781842 2.1341865136811444
0.8246656304404603 -0.0265048942969236 0.5649991934052165 1.1692390093881415 0.003707078666856339 0.999133290669018 0.041459920943681665 0.012382891586387845 -0.5656083941544665 -0.03209607538636944 0.8240491407718346 2.3243853966058516
0.788919115047808 -0.032253488852662354 0.6136500161892059 1.3684871976445399 0.006049256131376414 0.998980820926078 0.04472947486965693 0.01389684329023263 -0.6144672785530885 -0.031575811607771204 0.7883101748099363 2.5051155742436286
0.7510867872113465 -0.03626925799804027 0.6592064767588429 1.5960821612090448 0.0066845300847984245 0.9988564463812609 0.04734043282589805 0.020638633215700315 -0.6601696411787512 -0.03115028807041011 0.750470322144087 2.6951583983934015
0.7109835775376581 -0.03942391207861382 0.7021026332582497 1.8261212303555763 0.007863978932369738 0.9988105576555445 0.048120969973287894 0.0316593768753158 -0.7031646395454639 -0.028691899069886333 0.710447932378342 2.874403958451677
0.6691857139111752 -0.04110478563002921 0.7419574629960252 2.089781729243601 0.006993849496796057 0.9987730845705003 0.04902460205593723 0.04704812124147826 -0.7430622896947506 -0.027617424496794874 0.6686521603178731 3.062712765163731
0.6267878155789751 -0.04110854087252382 0.7781048271981521 2.3750455871598732 0.0019719304385035397 0.9986878135560967 0.05117384629757371 0.058787466997337924 -0.7791874907440957 -0.0305407747425308 0.6260464162871995 3.252571915967587
0.5850044542954741 -0.04162534397588646 0.8099611837571852 2.6791457795278624 -0.0010141250657339747 0.9986437285005657 0.05205453944507052 0.07329698290563218 -0.8110294445979154 -0.03127353938038445 0.5841688161223773 3.43842263287097
0.5451450334468179 -0.04279427263648048 0.8372487938108835 3.012277529320743 -0.002973141099853365 0.9985913160711972 0.05297682417051352 0.08808852646363646 -0.8383364795476013 -0.03136931138402133 0.5442498629885227 3.619595275631137
0.5066034403115405 -0.044674709538451055 0.8610209780209561 3.3620434233929544 -0.004431503108960128 0.9985085322913462 0.0544157396492508 0.10499595311023519 -0.8621678003989159 -0.03138281805438758 0.5056498815250133 3.7951651983774903
0.46905662825841804 -0.044340595430113976 0.8820543016638739 3.749993967509578 -0.007305696182851796 0.9985098915338284 0.05407978654159447 0.1216273602805727 -0.8831378750173309 -0.03181050307686928 0.46803374408675885 3.980974629298533
0.4326073497962093 -0.04351727771006177 0.9005315804806638 4.139402876547666 -0.008401685974972008 0.9985964806793292 0.052292259920890795 0.13739963180528236 -0.901543283805651 -0.030187999528975096 0.4316345585207023 4.15074780852812
0.3993149307986613 -0.042144879013742795 0.91584463486673 4.550948581341966 -0.007346491352764756 0.99876371409123 0.04916373134225486 0.15414758911193144 -0.9167843885593069 -0.026360056669260508 0.39851164638731745 4.306499196869346
0.37010855397960946 -0.04061742430911408 0.9281001471358642 4.993408073836111 -0.005167077219616323 0.9989382689291845 0.0457781190282929 0.1699813807446042 -0.9289741436574687 -0.021738438565255876 0.3695057248604094 4.4571594433365735
0.34487837373860586 -0.03875953837292614 0.9378467921321313 5.454676673457466 -0.004202808671704152 0.9990733014554166 0.042835437645021734 0.1888014331295586 -0.938637972663946 -0.018714606704100606 0.3443958765276207 4.613961070418103
0.32478586665122045 -0.03812817696388315 0.945018720949497 5.91739623987758 -0.0031673553764614373 0.9991376218626006 0.041400246843023486 0.20643118518314468 -0.9457822734030986 -0.01643942517714303 0.3243850129341846 4.762488059004614
0.31034529346213907 -0.038793011636882625 0.9498320383489052 6.406915902766614 -0.002192310040988245 0.9991351449430886 0.04152295649679793 0.2230221643028061 -0.950621371841903 -0.014968780434339819 0.30999184345676956 4.9137078017911096
0.29910173271765084 -0.040216209370148644 0.9533733843511638 6.926611620707114 -0.0013136628848966982 0.9990931791706196 0.04255694566773069 0.24216774973310326 -0.9542203245451876 -0.013981267418860754 0.2987776704946995 5.068105951146041
0.28817191423224137 -0.04187760498112325 0.9566625392732628 7.446457834583694 -0.0027477292796948024 0.9990029876206776 0.04455873324907783 0.26139959666087426 -0.9575747479082406 -0.015469225126099884 0.2877695349450103 5.22608629734803
0.27733899753357166 -0.04351714322749607 0.9597860900702759 7.986650033556351 -0.004248460708867029 0.998908389504059 0.046518598001336786 0.2813788135255948 -0.9607627339924656 -0.016979034828939865 0.27685137049976777 5.388336809103375
0.26696290955802304 -0.04507775555080141 0.9626519624842685 8.530230769473693 -0.005334495895579746 0.9988210069935718 0.048250794209885935 0.30250312583729144 -0.9636920400594027 -0.018016435353501836 0.26640769505271233 5.5403101421831655
0.2568400223963536 -0.046930904209196704 0.9653137796206706 9.09397783695919 -0.006455143694201558 0.9987146885823354 0.050272277944935405 0.3240313509358149 -0.9664323742587101 -0.01914317215073942 0.2562069572526867 5.693000385370219
0.24663093104548128 -0.04845524073044494 0.9678973465700743 9.658192431987063 -0.00685734617274968 0.9986369697816234 0.05174146682150472 0.34581904744970815 -0.9690852184689981 -0.019398253300966093 0.24596249127410888 5.835533999151729
0.23659494960950492 -0.04980687561087098 0.9703309254894209 10.2294133397107 -0.007149545537369337 0.9985689395376347 0.05299959423702475 0.36726094708023305 -0.9715820674641357 -0.019476861465940038 0.235900271406271 5.9707897309456825
0.22595711456956413 -0.05284885636606501 0.9727026168136862 10.821386253893685 -0.008588159097935357 0.9983803979099073 0.05623899530183789 0.39174065569980965 -0.9740993922073375 -0.02106132593287139 0.22513727956792184 6.110556471357614
0.21468702953536203 -0.05661662345901618 0.9750405311049278 11.436741791569306 -0.01055626304346037 0.9981256032506984 0.06028138556787682 0.41657832987738036 -0.9766258468112744 -0.023234415928225005 0.21368696089521944 6.247379788405428
0.20237974946003986 -0.060343417418036324 0.9774462179489986 12.124674111253288 -0.011499790734725946 0.9978845217215025 0.06398621821690781 0.45194290672496873 -0.9792395987813951 -0.024189941772498835 0.20125768282352538 6.393600120419161
0.18967971437369516 -0.062379766729686044 0.9798624243524499 12.754133648343707 -0.01234499758486928 0.9977493225327373 0.06590819691123069 0.48276816821353113 -0.9817684080218418 -0.024597847227144233 0.18848272844493638 6.51340492274602
0.17580849537905702 -0.06277525972282595 0.9824208058257321 13.402965021953408 -0.012984790291766829 0.9977300242611892 0.06607718145352662 0.514761227288037 -0.9843387466587044 -0.024373457992152472 0.1745942907768592 6.627135848148555
0.16096406506331176 -0.06165613794974766 0.985032532666517 14.112769581898041 -0.01464388431259905 0.9977877334448952 0.06484747982099774 0.5484559717009961 -0.9868516233003478 -0.02486281641361729 0.15970508429430227 6.748036129930765
0.14482712270158601 -0.06062874299908083 0.9875977217735611 14.839945770093852 -0.015307626297934052 0.9978641909579667 0.06350380288552146 0.5820996676119257 -0.9893385573741176 -0.02431484991012445 0.1435897174826463 6.849119851843906
0.1241190344973135 -0.05909403681596775 0.9905061130998862 15.567721619852877 -0.018027407754251962 0.9979260011749159 0.06179570170085134 0.6126903818483336 -0.9921035620564592 -0.02552628041513021 0.12279629946807064 6.946401462827536
0.0982350201121885 -0.0577185872100119 0.9934880198140462 16.312691520900028 -0.022789996460471227 0.9979243410148474 0.06022977396115094 0.6442948322576455 -0.994902254940096 -0.028558261511514624 0.09671571131181772 7.026737534819743
0.06764883835471756 -0.05715084850572188 0.9960709890285581 17.07761604218934 -0.02692279860768702 0.9978899139063906 0.059083691819513375 0.6754212977118987 -0.9973458766066993 -0.030813961753879664 0.06596743269707964 7.079989514301614
0.03434060275729496 -0.05683626393169529 0.9977927450651007 17.842888634201408 -0.030180994458118185 0.9978672765712702 0.05787923567007521 0.7067419026797707 -0.9989543686153951 -0.03210198514920765 0.03255198878249625 7.106323825586923
0.0002512210899317565 -0.05624904034283421 0.9984167378146617 18.587910346410656 -0.031507952595732795 0.9979206113304564 0.05622901746493735 0.7334494652385445 -0.9995034696343909 -0.031472193160910565 -0.0015215933930326521 7.097176956109665
-0.03368754915062345 -0.05477351065270487 0.9979303640850895 19.34443777043975 -0.0326740474571093 0.9980237131338928 0.05367564294171943 0.7614445307639603 -0.998898170813718 -0.03079822321522267 -0.035410645176143674 7.067148727179773
-0.06638155495112431 -0.052783519340285 0.9963972045566575 20.1650405332941 -0.0344863812059578 0.9981245449965671 0.050577486955290116 0.7874604541791241 -0.997198164194853 -0.03100472159928616 -0.06807737190111567 7.006347152989793
-0.09894023293127177 -0.04982517702311108 0.9938452002410225 21.018786889622323 -0.03707015760760829 0.9982369587870469 0.04635490833271565 0.8135204634120414 -0.9944026517072698 -0.03225563278255997 -0.10061282438806742 6.919146353500556
-0.13140535303703824 -0.045342281363181317 0.9902912252029653 21.86979107117515 -0.03423437654018377 0.9985651426325763 0.04117843345838906 0.832917024488032 -0.9907374226585534 -0.02849093610193342 -0.1327690698314912 6.799211540905635
-0.16294347374893106 -0.039225846897590434 0.9858553429879024 22.757044541494786 -0.028994406512396435 0.9989681914408844 0.03495535553133214 0.8510168226436424 -0.9862092824312809 -0.02288854352061206 -0.16391267742880558 6.639433693798751
-0.19340578799401048 -0.032919840881373806 0.9805664104214246 23.61205530184791 -0.022890707741665586 0.9993162764094758 0.029034379659012326 0.86306760283124 -0.9808517811930099 -0.016830442045389728 -0.19402711035073156 6.454330369619319
-0.2223015198612082 -0.027267975555037835 0.9745965789887238 24.52194525433714 -0.01681269847063667 0.9995674030764636 0.02413171931520202 0.8703547960283526 -0.974832994639354 -0.011021080532425207 -0.2226638011585292 6.227730008120218
-0.25018951490800945 -0.021107352251685137 0.9679667795492854 25.45385886617152 -0.008703796194668932 0.9997709708784382 0.01955120765027819 0.8749041444505059 -0.9681577611948868 -0.003533478414525337 -0.2503159283153928 5.969607198932508
-0.27645766833630914 -0.01069013375023835 0.9609666376406883 26.329026131552613 -0.00266826004189984 0.9999428142106299 0.010356094672794467 0.867383457265508 -0.9610223920421411 0.0002989129054882526 -0.27647038294304527 5.700241267425072
-0.3015706725294564 0.004862558361530225 0.9534314264782281 27.18876412119652 0.0019114376106064781 0.9999880687686351 -0.004495411731206906 0.8512297088076501 -0.9534419100691931 0.0004667403486207437 -0.3015763688969246 5.415977592328306
-0.3264724088367517 0.02216237298273989 0.9449468744284515 27.987491277682516 0.002758993139140719 0.9997431635806783 -0.02249432885311722 0.8283052013873599 -0.9452027053628159 -0.004736675782449611 -0.32644970466726414 5.140607624044846
-0.35161255624312815 0.03717247633421183 0.9354073002149131 28.74881384869757 0.0030895789768334903 0.9992519628282476 -0.03854827214850934 0.7981744686384451 -0.9361405155177929 -0.010664041779378538 -0.3514643842824015 4.8516322062842665
-0.37586749469962843 0.04761442200211117 0.9254493466665945 29.487666776421744 0.006849710165229816 0.9987945399046289 -0.04860605443098769 0.7535916988795455 -0.9266481035964395 -0.011930376108947588 -0.37574054642401933 4.540660988321712
-0.3991755245271978 0.05189129181819349 0.9154049346883993 30.23801814193305 0.010099313659174188 0.9985854473038037 -0.05220256982822828 0.7021821444654243 -0.9168189049545449 -0.011593026632282549 -0.399134936144973 4.202431731385109
-0.4214199663488523 0.05150894388914222 0.9054015908214179 30.953543103445522 0.01386461868664459 0.998634901982825 -0.05035975467001231 0.6481020661226372 -0.9067596066826121 -0.008669558303359822 -0.4215588386543653 3.861850118733051
-0.4413604414529709 0.0471047717078194 0.8960926856094685 31.694337448523072 0.017443256116539466 0.9988829064241749 -0.043916649116729954 0.5899857876661996 -0.8971603499578493 -0.003752297422058422 -0.44168906113641027 3.480650946620983
-0.4591721133155785 0.04592038227246889 0.8871596749431598 32.405865151891476 0.02541091742262502 0.998933374260146 -0.038553846305862165 0.5379731209096911 -0.887983814958947 0.004840690155949839 -0.4598492275624333 3.0956700339514005
-0.4726482772702455 0.04623970563151577 0.8800372126317028 33.10812258668215 0.02760818259405709 0.9989092424161661 -0.03765785003701688 0.4896846202802229 -0.8808185932683992 0.006497310110196832 -0.4734093268134967 2.7071944640955405
-0.4837838246803513 0.05023391082364376 0.8737446796295875 33.76633198711374 0.03154751222871977 0.9987035123596907 -0.039950580378667395 0.44395106150542646 -0.8746187543437594 0.008237026391594767 -0.4847413598470764 2.3346245947008617
-0.4934429540004404 0.05264544135793493 0.8681834533389499 34.43752142644263 0.032311109852962434 0.9985870626646448 -0.04218851098181924 0.3955540259809122 -0.8691777973046642 0.007234347449603265 -0.4944467826668387 1.9474418403197016
-0.5043650781959002 0.052012348338190656 0.8619226087745857 35.11069842849934 0.026526988096857607 0.998646397055992 -0.044740278827824116 0.3441705603611271 -0.8630829547609845 0.0002987765538671369 -0.5050620990864558 1.5627353200802543
-0.5155534277465886 0.05058435853461311 0.8553630140533212 35.77829035052471 0.02600942415308531 0.9987197846549086 -0.04338549981358261 0.29454237060252075 -0.8564625928748827 -0.00012004370602386459 -0.516209078373811 1.166138037111782
-0.5241821455153189 0.051719989652048895 0.8500341881320695 36.44702805824494 0.02810702438499177 0.9986609905170849 -0.043430648160629304 0.2423471028584143 -0.851142216966811 0.0011263613199392695 -0.5249339556620404 0.7486480207956658
-0.5313304781087762 0.05471812022211727 0.8453956767999553 37.09113478306858 0.03119601556725299 0.9984988309234933 -0.04502103127584665 0.19552652568521484 -0.846590061154409 0.0024519306211873257 -0.5322398485558936 0.33813115030573737
-0.53445955848891 0.05760843252352875 0.8432284677606772 37.73189401518148 0.03222073622915299 0.9983379223478029 -0.04778301956886235 0.15256405096531128 -0.8445796614273227 0.0016313504985831409 -0.5354274313096579 -0.07112986992488496
-0.5337967946412726 0.05990837684681055 0.8434879776347033 38.37252546302145 0.03214108815899764 0.9982038725138596 -0.05055669441611935 0.10873434326848726 -0.845001735195058 0.00012362002322334836 -0.5347635479680994 -0.4816843947250979
-0.5302129845716277 0.06005725425358553 0.845734779468815 39.032887183438866 0.0341197607355101 0.9981915100647798 -0.049492940526312416 0.05950466078084396 -0.8471776867452299 0.0026144686094878807 -0.5313032388710707 -0.8987423739850922
-0.524343931358473 0.05879863307022773 0.8494740504551108 39.728808595060805 0.03224295486994583 0.9982685908904915 -0.04919565329134015 0.008683113889584038 -0.8508959005123932 0.0015941112194788802 -0.5253319191717011 -1.3229674065014934
-0.5176394235986606 0.0573633498686189 0.8536737510479606 40.40866277323518 0.029863861974787 0.998353357291862 -0.04897676726789001 -0.03749988588593643 -0.8550775268268943 0.00014168949451296502 -0.5185001475792348 -1.7239490205459809
-0.5104529996977578 0.05667819768628515 0.8580357317772924 41.189203858510275 0.0281117579783966 0.9983919916225551 -0.04922560438741502 -0.09287086770744796 -0.859446021669148 -0.001006464592957061 -0.5112255107739605 -2.1816157532244556
-0.5037838663428797 0.05530844917048707 0.8620573017282398 41.99467525591582 0.025262450800507555 0.998464635569729 -0.04929685685877484 -0.14812343374021003 -0.863460262312153 -0.0030572809747427547 -0.5044076014899742 -2.650692652790951
-0.4995404548681857 0.05297092639088693 0.8646695408694446 42.7857680448497 0.02044834698132337 0.9985716847553845 -0.049360465055737275 -0.19830276897547158 -0.8660491897437573 -0.006976486370573863 -0.49991012150395814 -3.0980512081052205
-0.4985529047629999 0.050318863918521056 0.8653976040447092 43.59644540905528 0.016131663687528677 0.9986795034088505 -0.04877518731607941 -0.2508106311845935 -0.866709161471741 -0.010356708212354395 -0.4987062943416246 -3.546269982805497
-0.49894969881320045 0.04774274518206294 0.8653148723653697 44.44789737906405 0.013222808063976382 0.9987845523229374 -0.04748236923287092 -0.31278243331281486 -0.8665300660687549 -0.012249421355492333 -0.4989745447167966 -4.025792496754446
-0.500145940307897 0.046543464878707294 0.8646893917879487 45.28451437163625 0.011681523742472784 0.9988262578204287 -0.04700690046669808 -0.36785129035534764 -0.8658623333975117 -0.013409420774847034 -0.5001025965118542 -4.499934818189184
-0.5005673915563792 0.045734506895780326 0.864488658913141 46.145714454818986 0.011392070097766535 0.9988650687187837 -0.04624711052921056 -0.4232146820632673 -0.8656226124872954 -0.013301480083569777 -0.5005202926737887 -4.992275274393442
-0.5007696350042087 0.045393330968749555 0.8643895060453429 47.02290509232758 0.011203568848627249 0.9988801996329991 -0.04596549603983007 -0.4775589547167123 -0.8655080893341239 -0.013333877331649245 -0.5007174402919252 -5.49347950498856
-0.5006242618245802 0.04454550736915792 0.8645178114103939 47.93627963966778 0.011154574202553063 0.9989241867575825 -0.045011605004219205 -0.5389309577125523 -0.8655928164829894 -0.012890573451975576 -0.5005825697815737 -6.02175755341087
-0.5007919172495454 0.04428208658032693 0.8644342383464552 48.828123310124184 0.011001090325648125 0.9989354513773305 -0.04479888383887575 -0.5995659393881778 -0.865497794121494 -0.012925199791683304 -0.500745951138072 -6.529928460813829
-0.5011067555444213 0.042778836178505385 0.8643274788660575 49.71257939808999 0.00914526986176037 0.9989834353936952 -0.044141362101311456 -0.6556104724712248 -0.8653371502408179 -0.01421502670473992 -0.5009885721539794 -7.031269461915587
-0.5011510753268263 0.04196141630054252 0.8643418532275392 50.56949789494459 0.008597784362115954 0.9990158026235862 -0.04351441384651279 -0.7179391050150463 -0.8653170966777608 -0.014375870422201032 -0.5010186189621844 -7.522411693910774
-0.5006782724004155 0.0412685291769722 0.8646491635604023 51.44617847977641 0.007307955224582333 0.9990288484175576 -0.0434505905588697 -0.7756216152802301 -0.8656026001211945 -0.015435949243527538 -0.5004936264672895 -8.017592999357783
-0.49946175664652914 0.03988813520783177 0.8654171770407634 52.34503809947757 0.006780652678147987 0.9990888800492523 -0.042135881516584726 -0.837351909832766 -0.8663093999240823 -0.015177168100913675 -0.4992771546662367 -8.531528020736367
-0.4977307224496948 0.037879590817146834 0.8665040476127214 53.21224601393281 0.006620939331191052 0.9991826782250166 -0.03987654319830418 -0.8920552996616445 -0.867306342126056 -0.014110709925420213 -0.49757471476484966 -9.00645646890964
-0.49523240356694453 0.036436322849681166 0.8679961179835424 54.13151600062798 0.006677628011669258 0.9992502407599568 -0.038136145915611215 -0.9546173573475065 -0.8687348707985919 -0.013090100013106232 -0.4951044067065052 -9.52932471374385
-0.49242148749932785 0.036463699731676145 0.8695927076803405 55.00209681612078 0.00717272980829097 0.9992581004715883 -0.03783914096541139 -1.0088709167081062 -0.8703273123348753 -0.012395452544439783 -0.4923177044959591 -10.021878093676447
-0.4905959375950351 0.0367601741778641 0.8706114607617224 55.83804256606484 0.007408568573932796 0.9992496314633926 -0.03801693217435397 -1.0605182188505586 -0.8713556903624 -0.012200967776265363 -0.49050015011046355 -10.474373945357053
-0.4892734837747756 0.03728186294731761 0.8713331858537641 56.71524866634818 0.007186492256940022 0.9992243120959845 -0.03871858010487536 -1.1189376720051842 -0.8721008040381204 -0.012682145381378516 -0.48916188607105193 -10.969929779612452
-0.4899901739383649 0.03850823092874058 0.8708769979707743 57.48910062465694 0.006264902891592973 0.9991535844854503 -0.04065544983916661 -1.1728114635693165 -0.8717054436193518 -0.014464811115433695 -0.4898166889804629 -11.401072065036999
-0.49281854060798935 0.04037731111410883 0.8691947760888835 58.312659570584906 0.005041558762298754 0.9990385036873931 -0.04355055493667768 -1.2289308216356782 -0.8701175028226118 -0.017080424387032053 -0.4925482619850564 -11.860903222211931
-0.497148557651631 0.04088115658138193 0.8667018187712944 59.12152092409439 0.003967942266556159 0.9989860866912857 -0.044844777080408287 -1.2869571694674757 -0.8676563646162414 -0.018855493464535793 -0.49680670618172557 -12.322314882493986
-0.5028701422323294 0.039380109301064496 0.8634644329922752 59.94529999184664 0.004961654987061352 0.9990766703196198 -0.042675388725138895 -1.3442952389768983 -0.8643477321258075 -0.017175966187929922 -0.5026012178203346 -12.787803433854238
-0.5082920891661973 0.03693105304337001 0.8603924973011843 60.80061119536604 0.005845122994825218 0.9992049919228838 -0.0394362606436718 -1.403758052346541 -0.8611649009500087 -0.015016039340930135 -0.5081038593971435 -13.28768403621216
-0.5137764207874859 0.034314354750552875 0.857237606793386 61.66245247816926 0.002981432018304949 0.9992651809135595 -0.038212684764366726 -1.4661257793265348 -0.8579189358592814 -0.017076980758734085 -0.5135011939832698 -13.790362328546541
-0.5186962311981466 0.03763307537046337 0.8541299499367754 62.49262789599726 0.0050184203580739654 0.999147569799004 -0.04097498287789743 -1.5234403281369413 -0.8549438783908276 -0.016967186062976897 -0.5184429374571071 -14.29062430940758
-0.5235953937329291 0.03907813622996951 0.8510703630901794 63.2923561234843 0.005143955489926352 0.9990742997124143 -0.04270928910736547 -1.5792802221695459 -0.8519515264283396 -0.0179845189796994 -0.5233117175197691 -14.780544271874234
-0.5284342834962241 0.04005160442829332 0.848028936421718 64.09931446857945 0.004028750749353012 0.9989936255453147 -0.044671078867841954 -1.638818307648676 -0.848964650143475 -0.020189232341455483 -0.5280638386636878 -15.27223234870588
-0.5321745814970923 0.04003407233986137 0.8456875828935174 64.89173943001688 0.0026726204227360017 0.9989558466420267 -0.045607823449240636 -1.6978570790526228 -0.8466304222672792 -0.022011122451803495 -0.5317259055001358 -15.764514681557678
-0.5355256199698477 0.039538792147925376 0.8435929079072393 65.63970486672586 0.003965837963345605 0.9990101553252606 -0.044305549158504334 -1.7529102980356213 -0.8445096698588828 -0.020381203901430882 -0.5351523372296603 -16.235549779202703
-0.5377898989229465 0.032834430562379134 0.8424392706813294 66.45089192509244 0.005161007349243016 0.9993508146222977 -0.035655480881355305 -1.8078422360093 -0.8430630988363733 -0.014827322191961534 -0.5376102323217317 -16.75285530421003
-0.5398638982698662 0.02394996079332441 0.8414115346980099 67.27459784092298 0.004486332183316228 0.9996628156514195 -0.02557592280654795 -1.8623802933402769 -0.84174036624627 -0.010032665740668724 -0.5397893120929036 -17.277009587341198
-0.5416129454889518 0.02253507539728061 0.8403258818194399 68.07541473920396 0.005525333728772813 0.9997144556115182 -0.023248181187763835 -1.9079945074880587 -0.8406098309953133 -0.007948434952394667 -0.5415828047638128 -17.78059170435566
-0.542692999987551 0.026740271074470478 0.8395053696477315 68.83718219386256 0.0047937194029401145 0.9995754256629684 -0.02874001852763593 -1.946219930008107 -0.8399174530981001 -0.011572653695114283 -0.5425907718231607 -18.267989140734986
-0.543833751749517 0.03315253402780001 0.8385378703109233 69.56134043556288 0.006662110460917952 0.9993584327659251 -0.03519004324845509 -1.9900598394346412 -0.8391665309950418 -0.013551101326366612 -0.5437057116773646 -18.735670146606438
-0.5444198682293546 0.037085609632884556 0.8379926399648674 70.25398123135595 0.012036213795810042 0.999264699134906 -0.036403167723073296 -2.030058539195178 -0.8387264969193442 -0.009732349200999984 -0.5444659261555624 -19.181673114873185
-0.5441569547622594 0.038349222996102765 0.8381065240644878 70.94700742363007 0.015524957527953178 0.9992440079311503 -0.03564250703070129 -2.0770477157407012 -0.8388397846297113 -0.0063835498959230646 -0.5443409464784961 -19.638489968237618
-0.543885549470578 0.03473055948868064 0.8384403958032371 71.59348470351317 0.014073109488533355 0.9993801668320133 -0.032268091547659764 -2.1183265496251065 -0.8390413915096275 -0.0057506852120240036 -0.5440371981337117 -20.05373750812711
-0.5432004484013855 0.03001258258787905 0.8390664560944727 72.28878234599995 0.01320980258049861 0.9995427039651344 -0.027200810021743665 -2.158448022419283 -0.8394991208883538 -0.0036915899637716488 -0.5433485052811132 -20.49746225038611
-0.542611319972478 0.023398963919871323 0.8396579326875914 73.00455751251118 0.010070947522852139 0.9997213090415039 -0.02135135275153695 -2.1969987478462265 -0.8399235271462024 -0.0031293347224726304 -0.5426957488413524 -20.951450855880903
-0.5416053361052251 0.017611413884668647 0.8404483910409533 73.73858776284258 0.001525366977171138 0.9997994640436663 -0.01996759759133041 -2.2337162719445653 -0.8406315085445771 -0.009532565182962095 -0.5415235886303571 -21.41654437003047
-0.5396718207282724 0.012840651025716928 0.8417775499459851 74.45407465425187 -0.0054217676774259435 0.9998099290520618 -0.018727258319085522 -2.262456327093189 -0.8418580226778649 -0.0146704959061963 -0.5394996257670448 -21.866952786558926
-0.537147120876854 0.013739466116752008 0.8433766641332516 75.1729509765962 -0.0016905185174070525 0.9998477838378762 -0.0173652325528995 -2.297881176113128 -0.8434868775984902 -0.010753428537019133 -0.5370421315817306 -22.329761138817457
-0.5337022550815165 0.01688105156375696 0.8455039521013513 75.8540136385691 0.0024852064325433564 0.9998277364777741 -0.018393507515029058 -2.332885003866347 -0.845668804361313 -0.007715404579133468 -0.5336522705491725 -22.767267375433118
-0.5290787375549076 0.019983453055200228 0.848337404027015 76.55772170400154 0.004742343187666469 0.9997766917723233 -0.02059312433473155 -2.3639408366024544 -0.8485594850382605 -0.006872277116507563 -0.529055358312187 -23.188162583882292
-0.5211034484329744 0.02213254347006795 0.8532065087367812 77.10262230197705 0.009820077162605911 0.9997530240411994 -0.01993632375800161 -2.389540235798064 -0.8534370287934461 -0.0020103333079446333 -0.521192091693846 -23.527717459798485
-0.5131711348688675 0.02528308325159131 0.8579138371880307 77.67439522944943 0.016967790394246417 0.9996695311712083 -0.01931120237219832 -2.417667868980127 -0.8581185701443235 0.0046469505287003035 -0.5134305458620925 -23.86780539242862
-0.5036514328761582 0.023997660256234964 0.8635735906476172 78.46298757141557 0.014172269317577818 0.9997091099176515 -0.019515182039462876 -2.4521972766115527 -0.8637907043631493 0.0024099481051846733 -0.5038450269735184 -24.31468560261763
-0.49293111082942154 0.021453994473160865 0.8698037974725205 79.16212639425261 0.012236837565589397 0.9997680187022511 -0.01772480145319408 -2.4820501528007894 -0.8699822870512186 0.0019065417140437923 -0.49307928907613296 -24.696006883507298
-0.4820154974925129 0.018231228171542838 0.8759729918761204 79.89757533041941 0.012862860110423799 0.9998229888536712 -0.013730906360344288 -2.513297897018442 -0.8760682661795423 0.0046490083947008124 -0.4821646811143665 -25.083776289402795
-0.4713049779106605 0.01752347841731521 0.8817962040634951 80.54120552336953 0.012870450715671637 0.9998327901265939 -0.012990122633405769 -2.5388863476609527 -0.8818763911654576 0.005226805124864826 -0.4714517061303069 -25.412741044950938
-0.4597002351753161 0.01694376222887385 0.8879124972097701 81.1693521840569 0.013915082388820754 0.9998326607615727 -0.011875224483398074 -2.558900696770677 -0.8879651255887672 0.006896332064953013 -0.45985908313544965 -25.725772264994617
-0.44687979833035313 0.01838533281960503 0.8944050678419342 81.90631703452748 0.015367482441755441 0.9997990351521412 -0.012873608361093363 -2.582015701741575 -0.8944620094378684 0.00799179866768192 -0.44707252747896264 -26.103760468330627
-0.43465401515239943 0.02196075719713951 0.9003297241873257 82.56690196333645 0.015193482760532595 0.9997391843207667 -0.01705055469003449 -2.614812130117887 -0.9004693471704118 0.006268052086628948 -0.4348743109560899 -26.420196111749167
-0.42297609088417326 0.03162613992544187 0.9055887663911031 83.25397274429012 0.018442649340288133 0.9994841873739436 -0.02629121288080197 -2.6402293583954086 -0.9059531418487707 0.005580901616123144 -0.42334118428460776 -26.738778630440812
-0.41003825491248386 0.0363968424074119 0.9113418125879527 83.99225578971861 0.01793146872888819 0.9993320168387491 -0.031843092660854465 -2.6689137663501183 -0.9118920396283509 0.003284811068068629 -0.41041700510419304 -27.069607530530067
-0.39840326436285656 0.03272730156977171 0.9166262939044357 84.88839394961921 0.015786686416679484 0.9994598542707854 -0.028823258542129346 -2.7144452385447235 -0.9170744896010383 0.002987211570386438 -0.39870472418825254 -27.453481011919834
-0.3864159144586753 0.029086527094508808 0.9218658877486716 85.73018363791905 0.01434442204064729 0.9995712497512164 -0.02552556026997384 -2.7576086929285806 -0.922213087420358 0.0033601506449449756 -0.38666746795955814 -27.80411447252708
-0.37684658764959483 0.02986377459304682 0.9257941479313381 86.60628964169413 0.011234424723645092 0.9995539776614754 -0.027670082078605336 -2.803627015409766 -0.9262075561546603 -2.6611346787079562e-05 -0.3770140079809363 -28.1487374088939
-0.3697884392407891 0.0344193291632971 0.9284782280612779 87.47001213024616 0.006983126139903648 0.9993883234227968 -0.03426682003732197 -2.8517405761869723 -0.9290897406349828 -0.006187793314646827 -0.36980260283118344 -28.480874039097067
-0.36461315763019964 0.03964116378849126 0.9303149055112627 88.24009975938695 0.0014988315191255363 0.9991170988501878 -0.041985429487439975 -2.8927625935069803 -0.9311578806985515 -0.013914054716789514 -0.3643506556798325 -28.773107313242168
-0.36107966686369114 0.04144932207443018 0.9316133467684843 89.10769085867354 -0.000943772492691304 0.9989949446235785 -0.04481305512903978 -2.9513101151012924 -0.9325344945207619 -0.017060314067648512 -0.360677643073179 -29.098083912477144
-0.3571393939170821 0.041157750110322466 0.9331438757867919 90.03318026807354 -0.001830185004974738 0.9989959706396989 -0.04476271962779663 -3.014463014664086 -0.9340493047668268 -0.01769435648690717 -0.35670548918277883 -29.44529013420125
-0.35236412735654726 0.04140054271202707 0.9349467989224888 90.97265114003085 -0.0018986834217674753 0.9989873475695666 -0.04495191205243024 -3.073777121734773 -0.9358610563291586 -0.017614609250717946 -0.3519286984424824 -29.782833873171484
-0.3466857625111284 0.037248603076862896 0.9372414436210659 91.91251036651606 -0.004214461520498769 0.9991392443868619 -0.0412675252484109 -3.1303766765199614 -0.9379718654555549 -0.018256831457255835 -0.3462303679906919 -30.119711763191184
-0.34118977768223857 0.033712233561121505 0.9393897066252455 92.88879285372657 -0.004181037619158097 0.9992923562950344 -0.037380550754778884 -3.1885307425861087 -0.9399851352705401 -0.016681485504118253 -0.34080738476711786 -30.465614141892452
-0.3359915133268009 0.030705587733375464 0.9413643661485778 93.71402922826809 -0.006109818512073492 0.999376366896042 -0.034778548092230355 -3.238740825174186 -0.9418451959266547 -0.017436862435723628 -0.3355943723280835 -30.743661264536243
-0.33006574111114173 0.028920012547284484 0.9435148326438844 94.62904663008551 -0.014488781746118128 0.9992576186699691 -0.03569715301703761 -3.289733093928218 -0.9438467469606863 -0.025452787750534188 -0.3294016907173649 -31.046922377810557
-0.32381509054806823 0.029163418178869485 0.9456708106806883 95.49105971330296 -0.02168873152388932 0.9990333486675086 -0.03823567934605006 -3.3351402900977005 -0.9458717598375765 -0.032891690292445666 -0.3228695567121083 -31.32261082762808
-0.31634776860331826 0.03358631870086633 0.948048547541646 96.41688238724828 -0.019856562564115905 0.9989196734231989 -0.042014318645106685 -3.387506896348177 -0.9484354517956624 -0.032116121250853606 -0.3153391008628017 -31.630577169750893
-0.30920666896972393 0.03712992799996768 0.9502697534444438 97.25136898809633 -0.018197426947932346 0.9988235598576078 -0.0449483028137541 -3.4345640563123423 -0.950820745207594 -0.031190779408022968 -0.3081672366796905 -31.896631294326433
-0.30222131966707216 0.035317600629923146 0.952583298732682 98.11276020421583 -0.019784523554875446 0.998865743918415 -0.04331048665166242 -3.4824306357748753 -0.9530324478035378 -0.03193575914305109 -0.30117978139568996 -32.162536540968375
-0.29533916589912235 0.030391467648254226 0.9549089672739466 98.99107913718169 -0.02061160733169435 0.9990586074197938 -0.038171462948292 -3.538033057550291 -0.9551701098386701 -0.030955736699266427 -0.29443471880230004 -32.424776682962104
-0.28813726718232785 0.027466493197985963 0.9571951248372008 99.8908840470492 -0.02203062310552754 0.9991338482302705 -0.03530162837800667 -3.5941827387300007 -0.957335660521577 -0.03125931976166572 -0.2872825926187567 -32.6911572869012
-0.28123197461590105 0.03093033945165523 0.9591412255528621 100.72874255417562 -0.02362605956422923 0.9989543223468303 -0.03914168077686839 -3.638871229681449 -0.9593489384802126 -0.03366861990008745 -0.28020713458246094 -32.93453609685423
-0.274648658211828 0.03374506643586874 0.9609523323420787 101.63664101001204 -0.022642936747975392 0.9988798827866098 -0.04154849190550534 -3.692637208022452 -0.9612780097130443 -0.033170020431616924 -0.27357693211726586 -33.18814662840916
-0.26748203275757887 0.03422792233853374 0.9629547297169584 102.51131879613357 -0.025082114298797215 0.9987829147882504 -0.04246853740564197 -3.745097259520086 -0.963236341555995 -0.03551251130883441 -0.2662979756707945 -33.42409848427005
-0.2601376027338642 0.033377355683035265 0.9649944972752362 103.34394685478371 -0.025693302737859608 0.9988092051784413 -0.04147319429724739 -3.7984997789204233 -0.965229652382427 -0.03558263310106675 -0.2589702577194815 -33.65050877287627
-0.25224576307846375 0.0331843182096115 0.9670940368102402 104.10007703407621 -0.021829660738224343 0.9989623290465521 -0.03997162816208679 -3.8446909354574847 -0.9674169426472846 -0.03119400857276521 -0.25125961256864066 -33.84534345054888
-0.244559902624086 0.03420710614644906 0.9690306124770168 105.00753555999117 -0.019768350707924456 0.9989939128400365 -0.04025387458155979 -3.8997002905568787 -0.9694326517808176 -0.029000620642072594 -0.24363763597520652 -34.07716579394478
-0.23759253064058006 0.03466820219905838 0.9707460559487684 105.91023400358371 -0.018211843111730495 0.9990282575562711 -0.0401356372135833 -3.9566969602238484 -0.9711941711904373 -0.027215002486721453 -0.23673028003482738 -34.30081948370378
-0.23122829942208767 0.033750011603243285 0.9723139463481688 106.78016386516194 -0.024654650247856725 0.9988738922491944 -0.04053511569104848 -4.001313250838372 -0.9725870767018895 -0.03334492614645008 -0.23013581670996244 -34.48890467340951
-0.22617124662000773 0.03184192835604811 0.9735669770493037 107.72266644614703 -0.02902981631241306 0.9988012940333201 -0.039411226855037285 -4.05915611107852 -0.9736548859669021 -0.03717615682020419 -0.22497576846598238 -34.67541618163488
-0.2215210557523268 0.031601216010609536 0.974643414282898 108.6362141628411 -0.026531348567509553 0.9989094716484404 -0.038418159693164367 -4.114881226578857 -0.9747945985701632 -0.0343690354486618 -0.2204410578834254 -34.87833194892049
-0.2170726295080854 0.03220015339208097 0.9756242225570106 109.55600878985388 -0.025177389453873666 0.9989386055985634 -0.03857150898100559 -4.161245892059867 -0.9758307089750431 -0.0329364898905555 -0.21603151403199167 -35.07011819421602
-0.21257855007202456 0.03336747383925166 0.9765740994614089 110.40232865018035 -0.024153754669533383 0.9989319758455707 -0.03938913262073623 -4.209463143566921 -0.9768454105868754 -0.03196121591612549 -0.21154556126877688 -35.243612571800064
-0.2064345964983628 0.032381172306519004 0.9779244434252643 111.3219374527784 -0.018127979125345715 0.9991541249538467 -0.03691085152809908 -4.259732797069269 -0.9782924581848673 -0.02534747063819589 -0.20567297340889348 -35.445691688666294
-0.20150696101012358 0.031233880368388665 0.9789889628497336 112.12792379214528 -0.011106985420962763 0.9993543216802451 -0.034169790954310844 -4.303201457801992 -0.9794241060640302 -0.01775906687121503 -0.20102993808022598 -35.61023511774032
-0.19692333439094717 0.02998567052609522 0.9799602338541351 112.93450385835989 -0.009317282435081517 0.9994298093208251 -0.03245372842910966 -4.3530004490566006 -0.980374616470856 -0.015521462689651185 -0.19653166557986654 -35.76838415553856
